baseline values
n: 1000
0.09580300396060226
0.960685012945688
0.5839677622743603
0.9766518775315649
0.8538043737481514
0.49177055064391584
0.07728492149605448
0.23163533628506772
0.08762023814348219
0.34496005312983347
0.44988116285767
0.9280218308945799
0.6803966087848148
0.38319847896010406
0.2211656828259394
0.739619752381353
0.9254675667550532
0.4704004371085697
0.34695928741961624
0.37169496256478096
0.9456158724528809
0.602930284529914
0.42038684156428097
0.8731910851915268
0.490085515624067
0.21456763770219134
0.4904336374234268
0.9129485742421062
0.10500374186672257
0.7261679365581305
0.7449968513752682
0.13462352749018014
0.2701942659911174
0.01980285325150144
0.7579046968893695
0.6539867861918052
0.6228297530370042
0.9132102563957434
0.4767335861791342
0.8388686715584294
0.022675626576894925
0.534299032038537
0.6964070591674567
0.2623516292852833
0.1989760201657984
0.5191254486258399
0.7941935607003312
0.36185364868471526
0.04347471590745511
0.5763891398349387
0.6964379446396253
0.8608880080726748
0.49919412112952555
0.43869342353663554
0.5346517500718566
0.5130532791449963
0.32820090731350793
0.44667301422836747
0.5410956328182915
0.8622333413078684
0.7298898597472556
0.2995335273685059
0.9252046426349128
0.1454844078234917
0.17226318137452112
0.8716443783634601
0.880218404171234
0.5935991784800079
0.22322014387530575
0.20807484949309163
0.42287747066519044
0.6498620875183352
0.2705367400073653
0.6449943711126118
0.7661142366258358
0.21274744415484603
0.9241786905766751
0.917960997725513
0.003978587981094073
0.5455280398396775
0.19867551956941099
0.8978250383419182
0.607889850019653
0.001469817584017763
0.2985827540545595
0.896522304965135
0.47722564308611803
0.9874421538107323
0.31535127295823284
0.8357762053881922
0.8464787764556162
0.9338644674670141
0.6526870838664445
0.2242217490933307
0.5153425852053565
0.2632300408600524
0.8828778159004418
0.7364658419961045
0.3612775058308665
0.43979544569876383
0.5107107808501355
0.190638280683597
0.5229732065044892
0.5985388312080745
0.953659131345152
0.8187626328620023
0.0929694389483664
0.8927273353460041
0.4552736642540277
0.17592532650354042
0.5015941276834246
0.5632083419362585
0.503769357010204
0.7286323250453406
0.7542181640504052
0.643097552298953
0.8988462145381767
0.5264753870239158
0.31447305457853825
0.5475566070289583
0.8473750835366641
0.007205189594586825
0.6720673790541152
0.521233414022494
0.6691707247070204
0.741758278133844
0.4385101635522043
0.30238787217897944
0.4126530640370677
0.2111241227826537
0.2474756781534314
0.6076946629352835
0.2175547536439838
0.7658409465097354
0.29038190331895364
0.2969534562684506
0.0166240177478435
0.49635601831796206
0.8534416329978838
0.869676132123975
0.06751520695978286
0.29039201979904794
0.474123326930436
0.05753055034082499
0.5831853313786485
0.1497765027731779
0.0718795058881253
0.3344319376600453
0.06420084650514712
0.7526332632014981
0.24567411158657604
0.7648363083376847
0.7372750069672706
0.7819082297454184
0.22249070087507883
0.9752939322991868
0.5290265666156037
0.5134573210443324
0.032940010122951335
0.1373959593828834
0.45613462946865124
0.8206367826605795
0.3578760294813178
0.8047542078894128
0.43132792535738407
0.5556570489544039
0.16342372966006946
0.44734788147602444
0.5855877253086756
0.8463704407898877
0.5149434052251157
0.17419248521195552
0.513426411474593
0.1953101664532927
0.09654271300482198
0.9536186443356448
0.7496759378312448
0.27535602338460696
0.5318272389758656
0.6226088058135141
0.19440042911556543
0.9416836121319975
0.06679676631312459
0.7388739311369389
0.21330292272647744
0.16342390567674558
0.26485472068696425
0.7959139793727485
0.8716858269601423
0.8786910290092016
0.14687018217008319
0.8490525313466843
0.35267515671800453
0.002500238867233495
0.32061708182930204
0.5516327321245433
0.508844317143649
0.7340997897309992
0.4479422674616679
0.4690587684731419
0.7069586293612383
0.9625397107958216
0.22175555791712787
0.39291283390524034
0.513077548630942
0.1897803779748919
0.9834144579973803
0.37881692299104397
0.9938386399979976
0.7104840138004741
0.34215697922761945
0.5789598039263362
0.526099294097842
0.18192706084211596
0.0037404740417493754
0.11016308034113731
0.3470000197968023
0.43595071526123963
0.5201336386128306
0.1843979943717463
0.3938215100188076
0.30351052422280156
0.2211684642028635
0.028924640370792898
0.7789983337149244
0.3100358799097399
0.9107113223609941
0.7124096962020908
0.21944123969604223
0.6659468282031854
0.2546461398586909
0.862646856080663
0.47588571980428285
0.6903192768796912
0.4770330654805577
0.01570765612361391
0.6599755079415125
0.2947312862165209
0.5341781532329488
0.9297289473489194
0.09240205232767773
0.8571802919308031
0.6941043234982773
0.19587235949712045
0.13285400833524952
0.8171080902232276
0.43648573089822384
0.009279891249977523
0.3083493191087764
0.2514012957615437
0.655063196971133
0.6189657198442884
0.43819189516182655
0.10474840975528976
0.390154214125768
0.08736691862027268
0.4457897382807937
0.46756570167857536
0.8139337173522122
0.6439541700470577
0.4768798107794092
0.41423297368630585
0.4110493980811982
0.05501621909960419
0.5425042245849265
0.04660291493665325
0.014538255409690004
0.03479379335681121
0.632604802116568
0.33998995230544227
0.3691354294316741
0.5695983375172191
0.2463074759354631
0.7491913208926733
0.3747447029677845
0.31401026357058104
0.1260806125505013
0.37573805059521215
0.09230177788416505
0.5491058505870098
0.2453892468452641
0.4164200772820035
0.5520065457740286
0.4282751008119654
0.6916311702296473
0.3436644069010186
0.9169651073088492
0.5441126818081269
0.03625593615956879
0.9894307024602533
0.13087513934248962
0.3298652736690686
0.6153110067653046
0.845732328129799
0.19814749678605137
0.8155170261174323
0.7664456240217883
0.7955162234184827
0.1659570554744879
0.7485511699554189
0.6181615042620774
0.18947973956759
0.33517184548720247
0.19764035088931797
0.5260537971953694
0.17294285599177062
0.8087767425523977
0.03289579607639004
0.24690468476309024
0.2266445153591381
0.5021726107901535
0.8409934525174714
0.4646401530724641
0.004405878388557216
0.7742313726591064
0.5580428980397742
0.697592163778284
0.7880909658439385
0.844782477376108
0.6339750721436973
0.31855917252689026
0.42694986116147404
0.7946018900959807
0.7292966713319022
0.5754569253879769
0.3033493237865411
0.8365193513318818
0.9883906544952673
0.5568667422625254
0.4963797822076873
0.8197515789817733
0.4376011847286839
0.9564275132835475
0.3002255339386436
0.7120161400673334
0.7313215032663467
0.053240667377457584
0.653979412829693
0.5901842373927318
0.3355319095362005
0.22122100170433112
0.6319165527040044
0.5861067451900939
0.44367432118794614
0.4170544225669589
0.3875262506132179
0.5869466161093424
0.9697993895076931
0.1630138166003916
0.8266941996853732
0.6404994563227873
0.6154468781359366
0.4976151721792288
0.10300720469106117
0.08450638338944594
0.4475286852842427
0.22823624435831924
0.9770300105201809
0.030156091969202548
0.8605113948284308
0.1988060737665539
0.6662591978227439
0.34110976652769265
0.2993655014447949
0.30096144745954534
0.5511113214623268
0.297107617864416
0.9710972716605417
0.6674321784853963
0.7502267981150263
0.4154700970381292
0.1874188520417278
0.6254704388629179
0.7198673524899574
0.3289387330103395
0.19296970094291044
0.8816259342029282
0.7884877027137942
0.38382372944999266
0.8357462594761327
0.4405117157495477
0.2856528797449327
0.45158195934715717
0.09648814838835618
0.9862267929748674
0.22185165475419533
0.020818848302782023
0.2914814525488345
0.19325064635221423
0.5044405261237366
0.7777166532940897
0.09797969589121913
0.7322869241891569
0.5388743875753597
0.3473673460954392
0.5680718912661106
0.30037544431970553
0.8414272831173853
0.30985845898449427
0.19107572271010975
0.9802034083340206
0.0643728331313963
0.8188958835723285
0.16289760735811742
0.9445754011209707
0.8946907091350101
0.6495156874764401
0.15479160500335165
0.33334173983749904
0.609950188191998
0.5878166552568521
0.5793140609520744
0.6531880661811321
0.36079261375419525
0.5152044800384177
0.5114176617939122
0.559950863505944
0.8501217478139588
0.8295140306412443
0.9661537247310398
0.5389468795672774
0.6305768032064456
0.8332870277172891
0.42699221000319887
0.21433875789639223
0.0397509434749449
0.4289856398711277
0.6086598412119575
0.7137389112113391
0.4633814953735943
0.574837006429654
0.5151201613594315
0.3092058082603997
0.8929183438678749
0.45781133822997533
0.5928393785204801
0.931773274242158
0.9432687109473695
0.2560041876827488
0.7622870704110976
0.44812244752117647
0.005803218935195087
0.39721048673990034
0.8131604054081852
0.6665500824356935
0.8022422619162858
0.9381115217652555
0.17316664355479428
0.19664589158672696
0.08419328228893008
0.8795282188809866
0.37611528914779646
0.9250662367948823
0.6248362400388594
0.0402724168708396
0.05162994245941599
0.7107075138274187
0.11039861788753613
0.30357116028676745
0.7262976484414347
0.8547251656521558
0.9302634390419795
0.6404658362332151
0.35821859285117974
0.44917084333020196
0.2495877065659955
0.5732163998581087
0.4216292166393707
0.8619873903715044
0.0890184999391882
0.8383630841863373
0.9846488226327484
0.08709459868509617
0.5596910563898988
0.8446750958949947
0.183997813481388
0.8688807955368698
0.7937382428104096
0.3881306405296777
0.41015086720332594
0.06735207254306097
0.7351247774196757
0.48171337737649167
0.24009299614674695
0.020467151692934116
0.7027121814153104
0.13170021229247875
0.27020472183563293
0.58805969032603
0.03692120904715068
0.44963525256291925
0.45161210430842735
0.8280216291531403
0.43209582422477544
0.6448388681803747
0.99514891758468
0.6359433874198808
0.4239304080370496
0.3307644337031461
0.8764455271958883
0.9501345037815355
0.24576308927530777
0.20109626437856187
0.02351654394117564
0.031273899044049536
0.7371896793459648
0.6814990149652814
0.6177402562828651
0.04992613561297754
0.8850392758991533
0.5829682188322313
0.22414054400263583
0.22892714081736398
0.9888929169987075
0.5465604715573698
0.1173741075036272
0.7276877304304792
0.5585078657666187
0.5375275601172452
0.8094673526631236
0.5704616986441448
0.8548082713004966
0.09096005203036184
0.6313224054778134
0.07606612077203179
0.22794412128703656
0.06767683269616998
0.03453859381840274
0.9659263027507141
0.36112965479865367
0.17264093199739083
0.59028369099726
0.4161594108748653
0.4535849908463663
0.9000143346710477
0.8864905546028418
0.16270975398443976
0.8463905344669715
0.6190360321625334
0.5339067706767229
0.18679007242881518
0.9711965569771394
0.5883508776813262
0.4802996537850067
0.5658760663588882
0.10079660207706997
0.12439669141118892
0.15711701643539744
0.6107077956370761
0.9289012231001106
0.276605934651033
0.09908993086121243
0.04019278303451157
0.9528928715453155
0.32449019795135536
0.7862473418828191
0.6857218630314768
0.8620540421299029
0.9667184738686307
0.5370834764634181
0.8078968490443581
0.45559111941133745
0.6651442068790742
0.2796227594349955
0.6060571563958475
0.4533718911737681
0.25099099196022323
0.26590685275185477
0.07404495444426518
0.8536403969938546
0.4602184669698207
0.579082822377949
0.5025878163653654
0.8171307950490141
0.16511468229420123
0.9712297209227588
0.2995218579139325
0.8110967329402273
0.3006827739064003
0.4770895475257899
0.3800962520050021
0.5255682449198206
0.2690790571209122
0.6758387218947233
0.22738822496305722
0.8932631600311125
0.32567818137004323
0.3808707520011616
0.8938581570055836
0.01571380755170393
0.3040571605669494
0.2391724383091074
0.10258082099627575
0.5010586020153058
0.12492128666345725
0.7845472275677687
0.32624432352956667
0.36104546418731065
0.3158368014385462
0.034268806198660906
0.7961006161919069
0.8230748979635223
0.895576012936333
0.9619946672899035
0.6781376522447321
0.6372216335655088
0.8220538572080208
0.7293310557464557
0.9366484012101587
0.7293021722814813
0.3703998656957881
0.45113528389380675
0.7166395660194337
0.8550623991902068
0.642482011826614
0.2519428437767518
0.007765118327693554
0.6584852020547326
0.266123417549469
0.9302560229286854
0.4755288342275612
0.41382333580463815
0.011592325561872285
0.842219939255262
0.9826472479327055
0.3080370688407351
0.4365293343511505
0.777297808665354
0.5060496854248222
0.17763014701659274
0.6379936779946671
0.38927908175614356
0.07877482479595743
0.6346004233396386
0.3998470264269006
0.08405549112264166
0.9459645961193662
0.8078941402093501
0.19181260943091427
0.6466272898669475
0.16118197043256766
0.47048292192389196
0.7478525628665575
0.3332662875254021
0.0837863931265338
0.5956994628872497
0.5155617019299941
0.017465589339546783
0.24228161494267209
0.11757246745716898
0.12102506683758574
0.2040728893306265
0.48467642880969874
0.7772171276358244
0.888131851503965
0.06821310602685726
0.10099947822479571
0.7598384359020943
0.4483251342160407
0.6282775202357694
0.7519694268511987
0.5143500542640103
0.931892773191332
0.6046097035211161
0.6283364434404533
0.4835665029884324
0.11406364857566087
0.4556637621588884
0.9146947195388975
0.3877148418169286
0.9143530942147586
0.5731705726894332
0.3562975419320742
0.567824030786752
0.3646417853196736
0.31134011356786884
0.24806813629587743
0.688663374765777
0.019680742140285257
0.5219972547369113
0.48495406372175753
0.06442751834448324
0.9620049595687356
0.9340666650262484
0.5276142235682484
0.8593888886000903
0.33745204091980396
0.20511576701973
0.7335581653149629
0.7702313300640014
0.7516178843277868
0.5158047452133699
0.9876825852494217
0.2854659061422006
0.47290268528479307
0.9362645620264105
0.43941056475839924
0.4122369631037829
0.4331080129900122
0.7354164982498798
0.8926532970934326
0.1839087262973924
0.48464321803970445
0.7544135611951106
0.8943486056745252
0.3807931468045319
0.5439228505805697
0.5185305894527343
0.8531454635414363
0.2064033973635666
0.19167936467902802
0.8260276161660053
0.5449179093984988
0.2265726499258479
0.34360553836623053
0.5701979861893098
0.9627754364780325
0.6298559458301151
0.07645070687604516
0.12394413862641795
0.9283560676277796
0.5637294137605909
0.3960946019630698
0.11617607237359118
0.16436772054565307
0.5482465993416813
0.8920597259454636
0.8184940240373161
0.37690476636084835
0.6114441329872494
0.23056213687543714
0.16152070499851323
0.7176506376375386
0.4630485345274782
0.6424628112422812
0.14012029154812744
0.35971043064523167
0.1734136463508592
0.4852847920960146
0.47121896185598544
0.5348743715377365
0.9174871441996206
0.21180137406967636
0.08622600188007079
0.7516136946454799
0.1414477895622438
0.12245736153947762
0.9560416548713424
0.9805764860955639
0.7437751221594606
0.36088168379758534
0.43820549581859825
0.8686622145277213
0.2951809245833431
0.44778674321054457
0.0794850841540169
0.3119837212499522
0.10399929945875064
0.20833132627616302
0.2519143899278675
0.8103416539886619
0.004488321097186665
0.719372571074803
0.39834929527758733
0.8072443559439303
0.5993491377897854
0.4965916180724551
0.4726143402664166
0.3757107479701822
0.7297186524257424
0.6251611082098582
0.908306243404579
0.858921174198114
0.162729536141624
0.5414262381665935
0.794563806088698
0.07851154297096907
0.516033796955525
0.07938774807293059
0.04905363714446498
0.6031022264780749
0.8337418656335847
0.6683968951548823
0.569984435688685
0.7939763188963632
0.49513683363088534
0.8405076785974388
0.4067668218079721
0.22204954630803453
0.8122738528122122
0.15528657228306886
0.540718449773083
0.2527592879681626
0.25500441825105435
0.33323096278642417
0.14597964449597112
0.040781072717726796
0.5140352546775211
0.856233300843497
0.7930022277883463
0.03544140418206865
0.2796113996692452
0.041172018641621566
0.13233010720727456
0.12046332686832806
0.015312121030058856
0.8405577738904862
0.8018037390111409
0.46471911516946474
0.14964946860766726
0.9728819043368412
0.44007798084719285
0.02714842474345658
0.7071165580941907
0.1688469114052823
0.9501359415771439
0.45471924835809563
0.525897620801421
0.5330262526104278
0.37118536738395036
0.15126645628878654
0.518320930250403
0.7905704353822041
0.674991880616823
0.2602867498498126
0.7697253465065961
0.717815723825188
0.01752502315665605
0.047340010865890236
0.3486832877542231
0.3914600819540769
0.6443997327079448
0.7674785994752434
0.4982697297363472
0.752472412787069
0.6759221335681338
0.07693178787693145
0.5379810459009642
0.668508490155359
0.8143175013358628
0.10632968640948848
0.08042260910492116
0.20120172830392002
0.4950901508259784
0.20365404593091485
0.5377315403195427
0.6008255837705808
0.19989124149572035
0.7037864766372807
0.18353265765657767
0.9974844642761728
0.5190936267019971
0.24223409352089875
0.7814032271910101
0.7822784638289837
0.7877466796477142
0.1022739101844321
0.9404485935563583
0.7498648642799354
0.8831198836863055
0.23993498165039728
0.758202068736041
0.30390616260143377
0.6244329102405659
0.34327113004725984
0.377576652853278
0.9752233817347911
0.6501308663623012
0.9424936459262905
0.5607521062198577
0.8865828882840063
0.7365624637821871
0.4348691661624583
0.9649208171912205
0.4718428003487283
0.13301308010139024
0.6732698526460923
0.2901443102859975
0.8103000496933337
0.6532994680404803
0.2633148110402318
0.04263874393964906
0.5491180456958302
0.26996813044066725
0.8053950935857203
0.711672007904872
0.11719609593002278
0.9595333167380834
0.23274762198734977
0.08270756165818949
0.08717460825579304
0.25937048334073365
0.7107562421843859
0.6446588911803512
0.4406266451436154
0.729949411430807
0.35561448123889927
0.9314810020789177
0.48153434563724196
0.7113056039728141
0.6949653187838546
0.008948710001478122
0.3588790471696953
0.8514936413060593
0.8604432829022368
0.2880114604050422
0.7203118575052921
0.11718499282430173
0.6443203339107767
0.45879140142519426
0.6299705512746581
0.6871968660734538
0.7820430590407758
0.06332040260870087
0.2825069673006433
0.5232226299841382
0.41844159644394996
0.7999401807615893
0.9502863011730259
0.05058406584456532
0.0856572274152565
0.6187477155368971
0.8582498741788428
0.3275540943608818
0.9275175282820411
0.987906475075393
0.20079047501583247
0.6590524300895286
0.5858491639925433
0.6141636555851471
0.39948624443988945
0.4823670021301062
0.6239320658387892
0.12285109824658824
0.44862007958734296
0.294227124509699
0.3530713886063981
0.1984893612990729
0.9907988891038908
0.7231809083718855
0.8048784420703905
0.277690776319119
0.42024295232988085
0.4626589043256736
0.07541183005979801
0.5996652191630222
0.9614099081063853
0.8930007770975906
0.5504888287343107
0.32862835933107926
0.5661638276156461
0.5919436662652435
0.08098888180466612
0.14295532332664984
0.3759395493422589
0.8562077622300651
0.7645144550485803
0.8538832804552492
0.8149298038806032
0.5553280330584444
0.2876018161826992
0.24283315643039072
0.21073495634591832
0.12228529967135959
0.8494788032381457
0.5798103515797706
0.12441848050084037
0.2624423773419148
0.5598619034013954
0.6337568327953375
0.07133257856660158
0.5135624984381911
0.7388159459248607
0.42252308505631087
0.4132040237396881
0.3141068720391781
0.5817985001767876
0.22874826248637248
0.5097017440845965
0.04974600549400077
0.218525128397819
0.8361097689531078
0.38719058897108993
0.4036297601110259
0.7738861408307444
0.14051147020200638
0.06574854815169362
0.05453596884812595
0.47538006050878645
0.20295939540552776
0.8351053781376865
0.7705937822850155
0.2842367859274524
0.01817660645429031
0.5319685682181075
0.4652512907536219
0.6518593466962422
0.5148329337488196
0.8424776056010531
0.4001371255579659
treatment effect weights
edges: 2995
0	0	5.466938519259887
0	387	2.74787598503908
0	988	1.1821753214893722
1	1	1.8286597784890093
1	407	4.701749390143452
1	854	0.012972157134053752
2	2	3.188833666387275
2	736	0.5919734163555876
3	3	1.875650568487508
3	39	2.0650757866012186
3	91	3.855093336903378
4	4	0.17207873333496537
4	901	1.037829150764443
5	5	3.697017609353316
5	945	1.0698801145287185
6	6	1.1479156217274358
6	120	0.06701139989701638
7	7	5.335804857164611
7	97	2.4938345984081622
7	981	2.0780190707324437
8	8	0.5256166184960114
8	524	3.019027370456667
9	9	5.722549490496554
9	179	4.493194850400544
9	649	1.9390622450727892
10	10	0.6962559433466291
10	47	1.9243025775014337
11	11	3.7338996983362644
11	377	1.2967049872860958
12	12	2.32583891690608
12	383	0.3443189036988436
13	13	3.6056682736590155
13	269	0.463229390386799
13	908	2.130541386136083
14	14	5.151435055974176
14	412	2.5539685164070196
15	15	3.2061604802952086
15	261	0.16012211022259404
16	16	4.544884314116839
16	41	0.024654188460327423
17	17	0.8821351413369998
17	544	1.1288493569924474
18	18	4.223902392077703
18	338	1.9211500837703457
18	634	0.6910288053428185
19	19	4.654719230466867
19	939	1.8432792459965306
20	20	0.6174197859884656
20	440	3.55042418339253
20	736	0.8879601245333815
21	21	5.352635954346992
21	139	1.2802849383472195
22	22	0.9171689751381686
22	37	3.3376750493960032
23	23	4.987953119933055
23	560	0.6825209161377794
24	22	0.696748755755856
24	24	4.111447977055835
24	25	0.34506560693746735
25	25	1.9865944802396676
25	293	2.3587266554600252
26	26	5.435398167179417
26	517	1.0593435295786509
27	27	3.1040675712249106
27	466	2.123996444850714
28	28	1.4060478081365533
28	626	2.1060667202559333
29	29	4.996557739081291
29	155	3.04173158792484
29	966	3.244149282066398
30	30	4.389410997765431
30	202	3.338264383687647
31	31	3.6551508023606987
31	56	0.856077599927891
32	32	1.484765818286893
32	960	1.9783310196748403
33	33	0.5542995221036158
33	471	3.6982049337375544
33	818	0.03721656461567635
34	34	5.49151210906663
34	113	0.317404133252934
35	35	1.9142399234274823
35	562	0.8107252150480294
35	565	0.09697550886798663
36	36	0.1472494526801813
36	578	0.6810640734270397
36	657	1.4679377794967072
37	31	1.6760117258918066
37	37	2.2417488346453265
38	38	5.793206718735325
38	662	0.39896412803153103
39	39	2.638417076861747
39	783	0.6372998489721571
40	40	0.1827915047558557
40	218	1.7308741827833458
41	41	2.904922900774211
41	601	1.0926808165714506
42	42	3.3792925416846353
42	47	5.772907732504301
42	80	0.8127426078826954
42	598	2.6049137267178333
42	814	4.2266304942273445
42	949	5.179801605041939
43	43	4.296300191744534
43	377	1.9450574809291437
43	884	0.6311016870297587
44	44	1.1766132915227747
44	544	1.1288493569924474
45	45	5.4294855247734874
45	185	0.6762191538223501
45	860	1.274270855908774
46	46	3.3850003222166163
46	108	2.7557606328519717
47	47	0.020582150220500584
47	423	0.3714445861566489
47	844	0.4749047039007027
47	978	1.244109304839397
48	48	0.4853445029209995
48	910	0.2541788215742226
49	49	3.306819118773505
49	234	1.3405282834530259
49	322	0.23142923092087056
49	681	3.904554413901396
50	50	3.6129099909145186
50	917	3.705117375443657
51	51	3.455787252426121
51	810	1.7838526287916068
52	52	2.2305007590097983
52	421	0.5507075249753061
53	53	0.5971567463827423
53	229	0.9158734813255822
53	863	2.3310347131130684
54	54	0.5812357520191032
54	584	1.2698646915387344
55	55	0.26061752847831143
55	754	0.1960061393228112
55	910	0.38126823236133395
56	56	2.3860315986890486
56	111	0.11460308654570439
57	57	3.2008519056381823
57	583	0.5423140125925896
58	58	0.860332302435824
58	436	1.577243869490611
58	611	4.32597444603578
58	803	3.469157838011933
59	59	5.8075634575326065
59	750	1.1512191571243526
60	60	2.214208840643722
60	107	0.5619742150242081
60	643	1.4912508249371315
61	25	0.23004373795831157
61	61	1.650603673550709
62	62	3.1520596520639446
62	707	2.3910443464662525
62	809	3.04446134742429
62	839	0.28926287278456186
63	63	1.5423944674469343
63	85	2.1578254546973348
63	259	4.163556340630413
63	289	4.895531261546281
63	365	4.5237309337955285
63	635	1.9902070418959315
63	856	3.8080927844202517
64	64	0.04200054608266712
64	456	0.5113511347076
64	625	0.26631398644160004
65	65	4.586310007467921
65	81	1.0027244675583258
66	66	2.316364462327276
66	547	1.2080759903833442
67	24	3.060615510361063
67	67	5.236657403675618
67	78	0.7650462234436364
68	68	1.1422560656258294
68	237	2.0864974681513417
68	295	2.5845314460434197
69	69	3.9379660849354856
69	486	1.8157029176460848
70	70	2.1369554498115035
70	473	1.0913579541291443
71	71	3.9791340617713686
71	476	0.006686400856877661
72	72	2.585291783446049
72	831	0.5937547933198906
73	73	3.658427353025023
73	249	2.1746325545838063
74	74	2.706459514675406
74	470	2.750982814472035
74	701	0.6372633872434199
75	75	2.9828313495692984
75	695	1.8743265421795359
76	76	4.672875977102039
76	209	0.13254561217717153
76	394	0.9840117881554901
76	608	1.4136368394029135
76	651	2.016804274000454
77	77	0.42854477242446065
77	720	0.29605863565126606
78	69	0.317516421280596
78	78	3.9836188876661858
78	90	0.6997061728765352
78	522	2.36721634867142
78	834	0.9713505039722373
79	7	2.336912406263156
79	79	4.673752611147208
79	80	0.4063713039413477
80	80	5.854711134163594
80	686	2.573853625433564
81	81	0.8806621718554661
81	391	1.4599263323688298
81	423	0.27858343961748666
82	82	5.420372511062218
82	145	1.6189088009886268
83	83	4.778675787415364
83	454	0.39401466420507436
84	84	5.52932826516627
84	352	1.4240129575003115
85	85	0.5619664243355447
85	693	2.0262586906692155
86	70	0.24332010378483826
86	86	1.6779440884412709
86	376	0.8845352666755721
86	395	3.2977909434364205
86	687	4.2398071966063435
87	87	0.1415966321924249
87	708	0.34538596819692025
87	906	2.722519437794129
88	88	3.3475799511259785
88	341	0.3507040135234996
88	506	2.559544209632232
89	89	1.5843269445717532
89	531	2.2283990601733743
89	822	0.8723164251264511
90	90	2.348951155356298
90	510	2.7418074531906136
91	91	3.448575001719256
91	192	5.448792503597054
91	240	2.58208057392275
91	434	4.92854985944003
91	747	4.260289803162469
91	829	3.2287647905900645
91	983	1.7250727005752715
92	92	2.432642808826465
92	548	0.11187002814734281
93	93	2.1303306553730064
93	255	1.2326386847053938
94	94	0.6070322320475234
94	400	0.509578695106192
94	855	4.749785830094859
95	95	5.853509544209075
95	98	3.236124562865747
95	275	3.715976151677186
95	316	1.613783760091054
95	441	1.0322687522921765
95	660	0.7673332442039255
95	903	0.9273225107142897
96	96	3.250129830818409
96	460	0.45823432220810334
97	97	5.726619332798935
97	573	1.0280669898411134
98	98	5.079393005778595
98	526	1.9168405842221077
99	10	6.107696773297029
99	74	3.3357133746321956
99	99	4.866005500829842
99	175	4.865369087219487
99	283	0.9979388357072735
99	313	4.0593038084291315
99	405	1.4521791740996757
99	533	4.112463126424226
99	652	2.092757416473638
99	700	0.6505261502886858
99	758	2.9560229675325136
100	100	5.710038966260421
100	568	0.1477835261925945
100	922	1.0141389521210882
101	101	3.353457017850762
101	702	2.2604674338632194
102	102	5.003666437220523
102	743	0.7485090999728883
102	886	3.571296639142175
103	103	5.975716430984666
103	431	1.2089967270004665
104	104	3.6088511807501695
104	361	3.1061570705086914
104	426	1.7345513099022238
104	731	3.308763807655837
105	105	1.8040264293248005
105	402	2.386939458170098
105	937	1.152960729575055
106	106	1.6407590673425962
106	463	2.185812478068473
107	107	3.5507977050997326
107	672	3.865680438298157
108	58	1.4449948729256443
108	108	0.694333949157113
108	739	0.6519113954595408
109	109	1.486376768535875
109	213	4.654101615449045
109	769	2.7726830584892723
110	110	1.820084220468753
110	361	3.1061570705086914
110	769	3.696910744652363
110	823	0.33556724217349476
111	111	0.1870395690970963
111	772	0.7498202318448257
112	2	3.276594513927774
112	40	2.5744496721789947
112	112	2.89550438203368
112	226	2.773172622422431
112	502	6.015146912588511
112	773	3.001816435402352
112	964	5.116176140000483
113	113	4.862319653460124
113	160	1.433352613102212
113	203	0.5333851710586931
113	591	1.334701227838544
113	614	3.656445754242833
114	114	5.904033578286377
114	858	3.4705376591233636
115	115	5.957724575638028
115	868	0.5290400295737593
116	116	3.8406696234573707
116	118	0.7161944417873709
117	117	1.6380409756474346
117	392	0.19721305409853412
118	118	4.5553661079605146
118	125	1.0552500603980213
118	788	3.932235393986912
119	119	2.635204426170269
119	652	0.5707520226746285
119	724	3.2469055380736194
120	120	3.3489892612551615
120	236	1.4939250515949303
120	900	0.3162631001471337
121	121	2.6431795100010014
121	805	0.466615231909449
122	122	1.5375777817134306
122	911	0.9418837014622675
123	60	0.8277473815263859
123	123	4.163564328004917
123	838	2.457421409953398
124	124	5.228015855640856
124	290	0.5393283953104504
124	684	2.4167889813061945
125	125	5.204627843397817
125	866	2.252531015951179
126	33	3.5776240551439273
126	126	1.75313510903597
126	509	2.9945450246051046
126	759	2.7912978286056367
127	127	5.7404955817587435
127	162	0.25903671822031604
127	277	3.323755505887984
127	472	0.9516769604317321
127	851	2.9037616964000907
128	1	0.25467758814802405
128	128	0.3884081511441855
129	129	4.188320479888048
129	630	1.916994087417441
130	130	3.094608985693179
130	208	0.5376256128382191
131	75	1.4661097723910252
131	131	5.980950752551443
131	276	3.0923971428950865
132	132	1.858146446865241
132	727	2.5601705245130377
133	133	1.703153247576633
133	536	0.3249903776688669
134	134	3.124667836977113
134	660	0.21923806977255011
135	135	1.59419948158252
135	331	1.8796012295436135
136	136	2.8936873559575487
136	313	0.7380552378962059
137	137	4.32907117110226
137	830	0.5270645785610483
138	138	3.5865678415607904
138	172	1.4654583762709508
139	139	3.96133319682212
139	199	2.354474686712071
140	140	5.254943076028725
140	853	0.2554395103315357
141	57	1.6781695200366982
141	141	3.6176176548796235
141	363	0.6894507763642631
141	535	0.05024847486010797
141	661	1.328447782451116
141	754	0.4573476584198927
141	934	1.7627388795697452
142	142	0.8751769549004129
142	191	0.1841091425136511
142	682	0.9109216674153403
143	28	0.21743185472201976
143	143	5.399550094010192
144	144	3.527101446784808
144	837	3.7357600510596387
145	107	0.3746494766828054
145	145	2.1758889404557866
146	117	0.3214845468981448
146	146	2.8064613799726414
147	147	5.607408298561928
147	197	0.7941411434035566
147	796	0.8533675141336269
148	133	1.3639605940865533
148	148	1.4700224189799724
149	149	5.076468006629271
149	262	0.7582854277450335
149	838	2.457421409953398
150	150	0.9884180725845833
150	641	1.055502926608979
150	862	3.8653802473886523
151	151	4.2444703274938504
151	447	2.775855646766863
151	954	2.8468347524817066
152	152	3.0454375343791806
152	383	0.5164783555482654
152	934	0.7554595198156051
153	153	5.579472586098211
153	432	2.4024001013514846
153	748	1.658584301591501
154	154	1.0834518091307614
154	183	2.3100764305474564
155	155	4.190870578428029
155	977	1.7391146708137297
156	156	1.4211185072725618
156	606	0.5033632749834438
157	43	2.4027325859362945
157	157	0.6660864788745033
157	204	2.641984983405724
157	416	0.12592530615859063
157	521	0.038328691875674295
157	787	2.7139047113576953
158	158	3.220556194876707
158	877	3.133755163558724
159	159	1.8047775880481753
159	200	1.8720352720931193
159	444	0.908675318263744
159	820	0.20595810035776652
160	160	1.1485947021337164
160	378	0.1371375604429202
160	944	0.41069246524788205
160	946	2.200543835805492
161	39	2.7534343821349583
161	90	0.5597649383012282
161	161	1.725938146773667
161	399	4.110653024429907
162	162	2.78354064194089
162	463	2.185812478068473
163	8	3.9513767711991816
163	89	1.4446637053630889
163	104	4.190286398302814
163	120	0.40206839938209826
163	163	2.3415699674184447
163	181	0.2529983097063081
163	318	5.639196035728832
163	555	1.280609866076802
163	557	0.7445716483963594
163	562	3.2429008601921177
163	629	2.249764841489297
163	700	0.7096648912240208
164	50	0.04212618879411156
164	164	0.15375434939232302
164	345	5.754162225562889
164	369	3.7347779728350963
164	373	1.1939194910488455
164	480	2.066780994150012
164	520	5.586277691532656
164	690	1.308672620933242
164	762	4.405933185703302
164	808	6.665154887296281
164	841	4.687779143569508
164	860	5.521840375604688
164	975	6.430685555755431
165	77	2.4999794229402017
165	165	2.4966062685207167
166	166	1.753708470474174
166	246	0.010865827036799261
167	167	3.5657580082280678
167	403	3.561171750222922
167	466	4.247992889701428
167	690	0.4026684987486899
168	71	1.3384385070668277
168	104	2.4443337323433085
168	132	0.3060394726873939
168	168	0.22330804891090383
168	282	0.32561522379073304
168	421	1.9274763374135713
168	535	0.05024847486010797
169	9	2.7501131380088135
169	44	0.9238682546591106
169	169	1.0005448667315184
169	825	3.034728013761424
169	907	3.5335718727999814
170	46	2.454943671205023
170	170	2.728198079581949
170	905	3.856999794547955
170	986	0.7918171267869205
171	2	2.340424652805553
171	171	0.15581810405709962
171	572	5.284049594331699
171	651	2.016804274000454
171	656	1.71216774957095
172	172	4.90225006836126
172	710	0.09404392531290491
173	10	1.1104903224176417
173	173	5.750500593715493
174	174	1.814940948238845
174	980	0.08906013365887773
175	175	5.11824343295572
175	231	3.793101578648208
175	935	0.3118329960692656
176	64	2.6981920388241014
176	176	3.197675173098345
176	216	2.848317480962977
177	177	2.24476851251233
177	898	1.3524525338535296
178	6	0.5296222291407812
178	178	1.725221821903177
179	179	4.137988778615171
179	671	0.0810238917116212
180	180	3.497901037761327
180	348	3.9082275562019473
180	779	4.09412078648352
181	73	0.3853370215380161
181	181	5.693076628696748
181	337	4.7751789940110045
181	498	5.989695626843178
181	530	4.30030035855598
181	918	2.301580653769882
181	921	0.37505229951585795
181	958	5.461928784522556
182	182	5.199062972858899
182	553	2.6217810538233746
183	153	1.3687588821219994
183	183	1.0872583454016815
183	543	3.2909380851911942
184	184	4.395490195479536
184	260	1.655283535862503
185	185	5.6604144078038265
185	859	2.8699079463239623
185	864	1.0777941251590382
186	186	2.1425202992217067
186	267	3.7407492456374323
187	187	4.230159534211732
187	250	3.4159721305871553
187	491	1.8329562294835484
187	629	0.937402017287207
187	927	1.5204872304703638
188	188	1.8707047897689766
188	745	1.333053377520691
189	189	5.086247442912496
189	507	1.0599166415824297
189	615	2.7825710143267584
189	902	3.986075044316024
190	190	2.749791314599328
190	521	0.019164345937837148
190	541	1.6701339016734746
191	191	1.5273048356973769
191	990	0.5944539100088992
192	192	1.145854007649509
192	250	2.0495832783522934
192	706	0.1701312510268991
193	193	4.8610519023356815
193	727	3.840255786769556
193	752	2.4031562304466116
194	194	4.322837845391447
194	318	1.8797320119096108
194	335	0.2571864895212666
194	756	0.8534010110115098
195	195	0.47278813194079183
195	331	1.8796012295436135
196	52	0.42742985495340424
196	108	4.133640949277957
196	196	4.971485361532143
197	197	2.1182767190563814
197	363	0.19698593610407517
198	176	5.970377721635262
198	198	4.157769625516158
198	352	4.984045351251091
198	479	2.4804926440744857
198	583	1.8980990440740635
198	804	1.0384854474735903
198	880	4.94100868610921
199	187	1.3843396502429202
199	199	4.428142199475691
200	200	3.688982757276312
200	435	0.8395194632184739
200	519	5.504003905969496
200	575	2.646727263936178
200	634	1.1517146755713643
201	201	0.1867958758734698
201	467	3.4625217529885157
202	45	0.1595579490669019
202	202	5.538439842154018
202	612	0.31507553539074373
203	3	0.04343034773813343
203	135	3.5123600896291776
203	203	4.664430718660737
204	110	1.3509946395861303
204	204	0.636571219448308
205	205	5.662494760565447
205	443	2.989107070490279
205	505	0.5830089657077959
206	206	0.6065875122231639
206	802	0.8733388090277974
207	92	0.44675780058122866
207	207	3.152861906220574
207	397	0.9844148988560812
208	208	1.3112976392987497
208	350	1.1168249783127184
208	433	1.951221724264595
209	209	4.127400226075077
209	434	2.112235654045727
209	820	0.1544685752683249
210	210	4.035900115182216
210	933	1.851496916570687
211	211	1.112036602882082
211	429	2.3230067944317234
212	123	2.5179465916673505
212	212	3.6396640959431954
212	875	3.123291456678694
213	213	2.7642795651373206
213	256	0.029837990291829986
214	214	4.826085670403309
214	536	0.48748556650330027
214	663	2.6705717034626977
215	20	1.2612775414765096
215	215	1.4460222019528548
215	716	2.102577648710094
216	216	1.40098275114146
216	467	3.4625217529885157
217	217	0.3332411571246743
217	455	3.603424503260995
217	942	3.1498191221301948
218	218	3.2929441374151005
218	496	0.13484253275128388
218	644	1.3170329412251454
219	219	5.986057327554283
219	669	1.4501386321892191
219	696	0.9699184928112871
220	220	1.8242015559322433
220	488	4.623815730470672
220	931	2.4182692159768426
221	221	4.276490928643014
221	858	3.4705376591233636
222	21	4.975836469864813
222	134	1.215537756102218
222	222	2.5555684404232957
222	336	2.7525112265128073
222	781	4.670671402887686
223	223	3.0531117544957898
223	577	4.773997634044997
223	734	3.195694754769965
224	224	0.0568249614706382
224	638	3.0651288587456085
225	22	0.9289983410078081
225	225	4.711908934531221
225	556	4.933412032043046
225	644	1.7560439216335273
226	226	5.623179664011911
226	323	3.1497096049464095
226	503	0.606318177486368
227	183	2.3100764305474564
227	227	1.5711567172923555
228	228	0.20747192459679087
228	995	1.8451544330207905
229	229	1.1425214446952783
229	667	1.8281260313029
230	230	5.790613936039819
230	976	1.415192920960891
231	231	0.33336747879982975
231	964	1.4617646114287093
232	232	0.679994736035989
232	432	2.4024001013514846
232	453	2.1395629208214846
233	233	4.578424096205279
233	794	1.67685852212129
234	103	3.8288607804728865
234	136	5.6826780016254546
234	151	5.576901302232126
234	234	4.79043040409921
234	409	3.9657804863476844
234	448	4.823918644136257
234	637	1.3714055676373955
234	655	2.4035084546896233
234	714	0.25234503336820685
234	725	1.7916806635583613
234	818	0.13646073692414662
235	235	1.230153430902642
235	245	0.41936701739225957
235	362	2.894477366152011
236	236	0.8537276212224838
236	738	0.21024964317199046
236	933	2.7772453748560304
237	237	5.726526659620754
237	301	0.6488580822824774
237	950	2.5369565987492297
238	11	0.8881586316322166
238	238	5.394208925874101
238	358	4.42025721902079
239	62	0.16195557543123051
239	239	5.165339603026337
240	45	0.1595579490669019
240	240	1.5396768999946704
240	979	0.15505059804063476
241	38	0.5664715606664682
241	241	0.38597530533645275
242	242	5.654413541831842
242	351	4.383353689981804
242	448	1.7541522342313662
242	710	0.18808785062580982
243	106	5.186818412470144
243	122	0.38247891293707365
243	243	4.832131477770394
243	489	1.7353790156148088
243	622	1.7992915925226365
243	787	3.6185396151435936
243	914	4.832464490795772
243	998	0.9423282636464281
244	244	0.3492316591774325
244	413	0.7182125886717782
245	158	1.2365257601822888
245	244	0.044513806851866636
245	245	0.7526103654268306
245	947	0.3484400313543142
246	246	5.505004731335591
246	789	1.6400307944792374
247	53	0.8063286684076627
247	247	1.6454299734555995
248	248	3.7597163227456734
248	547	1.2080759903833442
249	34	1.091540775925489
249	249	5.6296708936820465
249	915	0.40084934207186895
250	130	0.24766016761162085
250	250	4.684095675779415
250	390	4.504922577563659
250	633	1.4347170656682486
251	136	1.033214182113719
251	251	0.19480720166010146
252	252	1.0049433065023774
252	360	2.9093875790545813
252	777	1.9481284441984659
253	163	0.43071555065295897
253	253	2.859699494378974
253	784	1.900430692398623
254	254	0.6411403299370853
254	696	1.293224657081716
254	843	3.8518904493089376
254	852	2.2689501292002108
255	255	0.6149135154720331
255	493	1.0056122158708232
255	788	3.932235393986912
256	256	5.151145442004186
256	563	1.9989415242997053
257	257	1.035735401484158
257	296	3.8938113607815232
258	82	2.824880902103036
258	258	5.9939201734439544
258	571	4.248863321628697
259	103	0.6961565055405249
259	259	0.781508774390941
260	154	0.04013016962446822
260	260	2.8175264654788927
261	261	1.7161293531762638
261	438	0.0800791217596113
262	262	0.8493446382002725
262	462	1.8195566114899249
263	263	3.46159954192808
263	484	0.05418626120961143
264	264	2.1996970912928413
264	713	0.9697454848623259
265	237	4.1729949363026835
265	265	3.2966353145435
265	503	1.212636354972736
265	876	4.811583178849643
265	930	3.571292819782595
265	981	4.1560381414648875
266	266	4.15098142342804
266	627	0.9950531007550705
267	267	0.1586404850832137
267	460	0.45823432220810334
268	268	3.237055567204451
268	640	1.0353805998297276
269	251	0.5447702983892202
269	269	0.32788948969373055
269	343	0.6014923132623275
270	17	1.8694751932564642
270	270	1.6056133742337462
270	372	3.7169482968652754
271	271	0.9629115029865212
271	588	1.4899646106505222
272	272	3.9431752761812238
272	369	0.5745812265900148
273	273	3.3070433577226446
273	552	1.1586655231306455
273	762	1.0167538120853772
274	274	3.535942757794695
274	315	0.45537943389624225
275	275	4.326244073758075
275	672	3.865680438298157
276	276	5.0574633256835195
276	959	2.116687693774913
277	277	1.7976694424517874
277	587	0.8040488823554437
278	218	2.5963112741750187
278	278	1.4154609753730267
278	928	4.05471088918092
279	93	3.4305993312509506
279	279	5.183552723686812
280	280	1.4143887212370638
280	896	1.6296246869964115
281	281	2.6838619960801635
281	855	3.166523886729906
282	102	0.3804219206653894
282	282	0.36658507748471414
283	232	3.3581954894171724
283	283	3.3391535680010467
283	314	0.8090423076508103
283	613	0.9317420054297504
283	984	4.280570112972837
284	19	5.892611518168388
284	284	1.2931489379237968
284	654	5.19406471778527
284	732	1.37843038297926
284	824	1.9775957007891893
284	827	3.9818662763938777
285	285	3.1005720725036925
285	997	0.3601287687465513
286	185	1.3524383076447002
286	286	2.0166631491883655
286	555	0.640304933038401
286	655	1.3110046116488854
286	729	2.3414486618016888
286	797	0.07050624614368672
287	287	1.564108073340595
287	778	2.6662993253884677
288	288	4.901264167586847
288	527	1.3769548261396287
289	165	1.0800924981114437
289	285	0.8153958251200181
289	289	0.459185763441436
290	157	0.141110029015893
290	290	5.043675280177375
290	349	1.9016722078743575
291	291	0.6302099761803304
291	791	0.5735549477903817
292	292	3.07612453674812
292	424	2.9553335064121917
293	141	1.3142414239898343
293	293	0.17884241567289427
293	812	0.5270953474146747
293	868	1.0580800591475186
294	294	1.8107663157322733
294	422	2.293865907854299
294	741	0.3584564250169855
294	780	2.455081590685588
295	295	3.0056329284579233
295	449	1.663963247230937
295	751	0.2505942653167233
296	296	1.1775382209270155
296	539	1.5398099311123865
296	542	0.02675835566859897
297	297	4.8637995110903125
297	381	0.3259552838728165
298	214	1.328282675620411
298	222	0.7776363072079928
298	298	2.14563298857078
298	512	3.0658668103705597
299	299	4.376929641337655
299	359	0.7308507975817893
299	834	0.7770804031777897
299	968	0.7235737141437412
300	300	3.8981860419669143
300	793	0.07900567666740924
301	301	5.78531295601589
301	610	0.8858965045290154
302	147	2.2282792902731385
302	302	2.9158641419647733
303	222	0.3888181536039964
303	303	3.3060550671700657
304	155	3.04173158792484
304	304	4.680057140483028
304	663	2.6705717034626977
305	139	1.2802849383472195
305	305	4.569030764398189
306	306	0.5477892867417105
306	649	1.2927081633818596
307	241	0.4934101669332065
307	307	4.07832133551148
307	538	0.3687457205125469
308	308	2.081022754133749
308	534	0.060375486260912936
309	253	0.4370504089723411
309	309	1.4637273739167027
309	553	3.932671580735062
310	127	0.40799514901435374
310	310	4.3640885215648275
311	100	0.196903464015946
311	300	3.120686244479738
311	311	5.571655056955098
311	650	1.9893861433452174
311	971	0.3172916104208223
312	291	4.014141157889262
312	312	3.317656804148674
312	609	0.978877370663134
312	882	5.1503025440185946
313	313	0.9279626139843977
313	586	0.015446372240288398
314	161	0.08993413034184239
314	314	5.243208670766232
314	765	0.6746645538529762
315	315	1.9744695706901565
315	436	1.1829329021179582
315	811	0.29886795153123963
316	316	3.936148298779143
316	967	0.5413984751730516
317	317	5.4316804078635625
317	891	2.1933870907093747
318	318	2.8052304921295352
318	411	1.0268935744726562
319	94	0.9805489535225932
319	319	1.8108857981365019
319	842	2.576242495480844
320	126	0.5047390438905229
320	320	3.596843705365856
320	816	3.081916132607472
320	896	3.259249373992823
321	321	1.8540269762678798
321	994	0.21764186050923337
322	322	2.994420732148032
322	692	0.03359693003554831
322	901	1.5567437261466646
323	323	4.271935184567484
323	476	0.020059202570632984
323	564	0.10014899227691612
323	784	3.800861384797246
323	912	2.372060550889575
323	930	3.571292819782595
324	324	5.651973571243333
324	579	2.3266074815197686
325	140	0.8599098420731371
325	325	5.0831439627330255
326	326	1.016050231902664
326	885	0.8758474194118788
327	327	2.427832216662521
327	627	0.9950531007550705
328	328	5.121439485914259
328	349	1.2677814719162386
329	329	1.3332512121575943
329	739	0.6519113954595408
329	840	2.378484182978588
330	12	0.013325880602650386
330	149	2.7089964239094155
330	330	5.960543622054103
330	527	2.7539096522792574
331	331	2.402664394363957
331	887	1.7109852345014027
332	199	2.354474686712071
332	332	4.542605165305394
333	333	3.181404398712864
333	372	2.4779655312435174
334	334	0.2154144392623314
334	776	0.27126977916388173
335	335	0.8976992600261828
335	449	1.663963247230937
335	461	2.016141989354762
336	336	2.548626899156557
336	545	1.9597383527767827
337	337	1.1539544103895654
337	439	3.826583670145477
338	259	2.3791750517888075
338	338	5.667968116405711
338	479	1.4174243680425633
338	821	0.9449950896764083
339	232	2.0149172936503033
339	339	3.6345623624630594
339	444	0.681506488697808
340	57	1.1986925143119274
340	211	0.6903065634029173
340	340	3.250272843622687
340	354	1.656264676422508
340	845	0.027709043981938953
341	341	4.374414056007426
341	437	1.698253955974785
341	749	3.7611861046698882
341	825	2.427782411009139
342	235	2.655129573376926
342	285	3.5333819088534115
342	303	2.9055146903107825
342	309	5.118913929641835
342	342	2.219763316570109
342	343	2.606466690803419
342	497	0.6742062821055267
342	532	4.769518198617952
342	559	0.7881586166628952
342	566	6.126501661581657
342	785	5.987994909421814
342	828	0.08630597336853002
342	927	3.9532667992229458
343	33	1.7888120275719637
343	343	0.4377001102256963
344	344	0.8598308197798148
344	718	2.0863911266759048
345	159	0.39463560942139775
345	345	1.0854740133107912
345	886	3.571296639142175
346	145	1.6189088009886268
346	346	4.835492737349011
347	298	1.7449906219740026
347	347	4.5658199267551165
348	348	2.152807819318954
348	424	4.433000259618287
348	761	1.0514344513019676
349	178	1.9189047644841084
349	288	1.8061887639156533
349	349	1.2481553821116032
350	212	1.495314313729258
350	350	0.46975270740635167
351	351	4.140443017489657
351	408	4.682550196285717
351	724	3.2469055380736194
352	352	1.7308931658202857
352	703	1.7738171432368812
353	79	0.4631174500348596
353	302	4.428496405545138
353	321	3.0046950042555896
353	353	2.9547230482552513
354	206	1.8968960723427202
354	354	2.4735381302281616
354	647	1.9506513827300154
355	179	2.995463233600363
355	355	5.1525161889623865
356	356	5.806835770803952
356	691	0.2713117310528558
357	18	3.2850837218543276
357	357	3.6067414487092364
358	98	3.6984280718465676
358	101	1.3341693244711705
358	342	0.12408100884093734
358	358	3.3508317477742287
358	454	1.5760586568202974
358	658	1.3587723417136428
358	892	4.882695055753199
358	912	3.1627474011861003
359	332	2.343568350821844
359	359	3.067289299057709
359	451	4.000433180616746
359	607	2.953791238681508
359	898	4.0573576015605886
359	976	4.2455787628826736
360	274	0.2450443122444723
360	360	2.4976288353198077
360	584	1.9047970373081013
361	298	4.362476554935006
361	361	5.274635659187362
361	568	0.2463058769876575
361	574	2.249960675595981
361	699	0.024788382028734235
362	35	3.0082233336502076
362	362	0.12231552917112887
362	425	0.13825145312904247
362	511	3.6799780557872155
362	848	3.1493011022050705
363	49	3.6196148483942303
363	220	4.309211113576661
363	363	3.573267340761591
363	426	5.203653929706672
363	428	1.8162378586843173
363	565	0.3879020354719465
363	617	1.9415154984905867
363	631	5.50921420392657
363	705	2.109843392181337
363	845	0.06650170555665348
363	879	4.233000418247004
363	932	2.0782600433041067
364	81	1.5040867013374888
364	364	5.526178525962324
364	518	2.9246992066573583
365	365	4.748000046862311
365	695	2.8114898132693034
365	871	2.021049122156382
366	366	5.822218895706465
366	974	1.5664209371670883
367	289	1.3987232175846513
367	367	4.668582279962141
368	368	1.13933688488921
368	576	0.4358720861839722
369	198	2.7077006908846606
369	369	2.470231051803517
370	370	0.5243947404153777
370	857	0.16377998987201484
370	913	1.5293037176031803
371	65	1.4726432130428304
371	130	0.18574512570871562
371	371	5.852079331336493
372	372	4.50539155548561
372	451	1.3334777268722484
373	373	4.910045699670016
373	837	3.7357600510596387
374	374	0.32335504797725756
374	483	2.642644578849053
375	125	1.0552500603980213
375	375	2.58308826843131
375	494	3.64319910427179
376	330	0.4960702486444899
376	376	0.7676516331464205
377	198	4.061551036326991
377	377	4.425758632523096
377	592	1.5486011093737546
378	181	0.06324957742657702
378	365	1.9387418287695124
378	378	4.117650982375732
379	379	0.24354904297483904
379	704	3.808602900466325
380	380	1.9853404039940004
380	600	0.43153484766704703
381	28	0.4348637094440395
381	379	4.400265353086684
381	381	3.7475744770944583
381	721	1.462048857495465
382	382	1.0534305301004883
382	602	2.6115676134950703
382	648	3.145320697818706
383	272	0.1767767078353696
383	383	5.136221745114947
383	919	0.538875574137049
384	384	5.346133079838057
384	539	1.0265399540749243
385	385	2.300338989267246
385	470	2.750982814472035
385	698	1.3257732196218928
386	386	5.129479191289804
386	675	1.1048228832796128
387	169	1.718055347287983
387	387	5.44037445848633
388	93	3.4305993312509506
388	388	4.102760403651098
389	389	0.5499387164857061
389	847	2.408039117085436
390	390	1.8461119748401214
390	487	3.705505776547468
391	391	1.1476405242387115
391	457	3.943186451111884
392	300	1.8724117466878427
392	392	1.9903965071046583
392	766	1.1164282258470963
393	393	5.959548680595668
393	958	1.365482196130639
394	394	3.670187594631666
394	516	0.9764005881080744
395	68	1.0238914555486156
395	395	3.506117896481527
396	138	0.23171126184632523
396	396	5.0406066198652315
397	273	0.11101062798308042
397	397	1.1582606702632983
398	398	0.42792494310242435
398	719	2.5632387506090293
399	399	4.1865865757119325
399	707	1.7932832598496893
399	978	0.9330819786295478
400	400	0.4272817005517928
400	464	0.5596740471497516
401	401	0.1907539005578307
401	639	0.24113680588325279
401	866	3.3787965239267677
402	402	5.080507014401081
402	439	3.826583670145477
403	403	3.732427346731031
403	540	2.539115810845734
403	616	0.2444782851585638
403	622	1.574380143457307
403	640	3.6238320994040474
403	692	0.07839283674961273
403	830	1.844726024963669
404	67	0.9843866588756752
404	325	0.32800765049911096
404	404	5.292616954398577
404	540	1.4509233204832765
405	405	3.819843665164066
405	775	2.417207208264708
406	406	4.1374545805820535
406	819	1.0155056951708463
407	407	4.330799935317371
407	970	3.4845420620591856
408	408	3.5088820764340873
408	420	1.4987575062760052
409	32	2.3324506373437153
409	409	5.804286164816883
410	410	5.803966752005667
410	991	1.2500829718654682
411	14	0.5208934605474567
411	411	3.035608062130277
412	141	0.9856810679923758
412	393	1.857960583763989
412	412	1.5646533489732066
413	129	0.626526768646916
413	413	3.0886747103749435
413	847	3.6120586756281536
414	5	0.9320157626473702
414	12	0.16990497768379242
414	23	0.9901281462085592
414	72	2.8653060531471826
414	109	0.7977486314087603
414	121	0.9769827436525516
414	138	5.908637177081294
414	148	1.130459215518151
414	154	1.0233193254239397
414	177	5.499137088746191
414	186	7.462176118476574
414	190	4.589344243012587
414	191	3.1298554227320685
414	203	5.440528744798669
414	217	3.1049744414388507
414	243	0.39731472516229344
414	247	5.734153169790279
414	252	2.727107103720342
414	274	4.165753308156029
414	297	3.328624773239258
414	310	6.87975214557904
414	322	2.9507226942410996
414	333	5.406899078761801
414	335	3.2791277413961493
414	341	5.961968229899493
414	392	5.02893287951262
414	414	4.652039026470956
414	416	1.0703651023480205
414	446	2.44969203191641
414	459	2.6492433655426377
414	500	0.6927858659274565
414	515	1.096388335144961
414	581	5.6948464412821975
414	618	0.12141511789846952
414	639	4.099325700015298
414	653	2.9969408166392633
414	680	3.8723214125547156
414	689	3.5892611104296113
414	691	6.918449141847823
414	712	5.897066003569033
414	751	4.2601025103842955
414	782	5.187691534975781
414	793	2.0146447550189355
414	807	0.29275907893625785
414	812	6.720465679537102
414	813	4.162762050897465
414	878	1.435341389152832
414	895	2.418867903747017
414	925	2.0512892861069782
414	952	1.1066089703334212
414	980	2.271033408301382
415	345	0.8852557270096751
415	415	2.4625783904920775
416	416	1.09095806272397
416	741	0.17922821250849275
417	417	2.499997698235136
417	427	0.09513974723645262
417	636	2.7928538318302953
418	418	1.5630671520848511
418	614	1.462578301697133
419	419	4.710079065159407
419	800	1.354758835126384
420	346	2.47952203430729
420	420	0.11956217165124272
421	395	2.6382327547491364
421	421	3.5100777148708016
421	597	0.9876153727046072
421	621	1.7773064610857106
422	9	1.650067882805288
422	287	1.937276283611324
422	422	0.9634107477280254
423	423	0.7524895059058754
423	560	1.3650418322755589
423	795	1.2131285177875828
423	800	2.709517670252768
424	101	1.1673981589122744
424	240	2.58208057392275
424	398	3.680586845002421
424	424	0.8051408275629777
424	529	3.4077047273508714
424	903	0.9273225107142897
424	956	2.25872397864609
425	26	2.7312569369071498
425	425	1.8190453167886298
425	881	2.0706732195791395
425	919	0.7185007655160653
426	64	2.6981920388241014
426	97	2.4938345984081622
426	426	5.957872040646123
427	133	1.3639605940865533
427	427	2.941506153482935
428	356	0.1623909023053347
428	428	3.0025401509135525
429	429	5.969076929262926
429	792	1.4063177922155496
430	27	1.3044921939756995
430	247	0.3373031276347223
430	430	0.13597665817858196
431	431	3.5706359410576964
431	864	1.0777941251590382
431	871	2.021049122156382
432	432	1.3498517642680838
432	524	3.019027370456667
433	433	1.9688831736737054
433	740	0.9237194846478252
433	852	1.701712596900158
434	21	1.9903345879459249
434	434	2.000055506660675
435	16	2.2953150336552848
435	325	0.32800765049911096
435	435	1.4302660499395234
435	543	4.387917446921592
436	4	0.021945950600446313
436	436	5.442700314104578
437	338	1.9211500837703457
437	437	0.5381532683150023
437	654	2.597032358892635
438	438	2.8839963155619257
438	635	0.8529458750982564
438	776	0.40690466874582254
439	174	4.158114250007722
439	439	4.0153662710395
439	752	2.4031562304466116
440	440	3.0455209512914934
440	458	2.7956334284700444
441	11	2.3684230176859113
441	15	1.7869235653177697
441	144	0.2656804314032624
441	238	0.6889868150964262
441	419	3.0496498679498854
441	441	4.947017756024384
441	490	0.7806880724863561
441	889	0.21750273687795688
442	40	1.1033355737909978
442	149	2.0317473179320618
442	442	5.187547127775527
443	353	1.5233886272357953
443	443	0.934820659414269
444	15	0.6700963369941636
444	269	0.463229390386799
444	444	4.43506012916303
445	445	4.550177183281011
445	487	3.705505776547468
446	306	1.181685327123635
446	446	1.10010323348806
446	755	0.47265586212818755
447	82	1.8832539347353574
447	447	1.8540560321564177
448	448	4.32154125655665
448	597	0.4938076863523036
449	296	3.8938113607815232
449	449	4.535736213463753
450	450	1.6708241815058908
450	719	3.844858125913543
450	940	1.5493131266000515
451	178	1.9189047644841084
451	400	0.509578695106192
451	451	3.4864295382249444
452	452	2.963346556788701
452	668	2.4409396171910216
453	171	3.5124652052326795
453	187	4.845188775850221
453	406	0.04320545240288132
453	433	4.552850689950722
453	453	1.7459624320472782
453	653	0.411344817970095
453	936	3.4749525333502262
454	3	0.028953565158755624
454	454	3.0550283876876
455	140	1.7198196841462743
455	455	4.35587859949639
455	528	1.2492262151065083
455	796	1.137823352178169
456	32	4.6649012746874305
456	309	1.5750504398897953
456	456	4.509605437296272
456	835	1.2579278852000635
457	389	0.021397088317736315
457	457	1.2040174640693067
457	462	2.729334917234887
458	106	1.296704603117536
458	458	4.9655360768539385
459	244	0.06677071027779995
459	326	5.318161861545147
459	459	4.322006998082306
459	496	0.26968506550256777
459	664	0.3230640775228423
459	909	0.6150234017104079
460	258	0.5247882599509853
460	265	0.9784271299342353
460	460	2.0240930823910586
460	942	4.199758829506926
461	461	4.500533770055809
461	578	0.45404271561802645
462	462	0.7010195126292704
462	904	0.9895047996672107
463	410	2.7331892250005154
463	463	0.9487051185927531
463	666	0.4537601277032193
464	464	0.9651458956212977
464	966	3.244149282066398
464	982	1.275085869793691
465	254	2.658147292181477
465	465	0.2648830936767388
465	807	0.017221122290368106
466	173	0.7056035397150697
466	258	0.9183794549142242
466	466	5.4422432459377275
466	505	1.3603542533181905
466	744	4.7973182615124275
466	766	2.6049991936432244
466	887	5.98844832075491
467	243	0.015580969614207584
467	467	5.586198220920702
468	468	3.944813640704405
468	877	3.133755163558724
469	188	3.8368023329948815
469	404	1.9623734192896083
469	469	3.4259382044162026
469	599	4.631898987351245
469	625	0.5326279728832001
469	895	0.28457269455847256
470	54	3.545331994499555
470	470	4.413581842598136
470	603	0.9918203863984006
470	759	3.4891222857570465
470	767	0.46680049261248396
471	471	0.5132547141940995
471	955	0.6966437638327729
472	472	0.981306669588837
472	972	1.663561197596592
473	142	0.526983842769952
473	473	4.655923682464317
474	182	0.9716372177015015
474	474	3.9789794533887357
475	215	2.118173430289285
475	445	0.3676668569985484
475	475	1.7670601707966038
476	77	4.999958845880403
476	476	1.8521343407151267
476	677	0.05623800213449196
476	953	0.4443410774882608
477	170	0.31678904336533886
477	477	3.264711233483795
478	34	1.091540775925489
478	478	3.019121120024299
478	975	1.484004359020484
479	60	1.9314105568949005
479	283	0.6350519863591739
479	402	5.569525402396895
479	479	1.6197590730610063
479	853	0.8940382861603751
479	863	5.439080997263826
479	948	5.551833205365342
480	127	1.0199878725358844
480	480	1.8299217218745414
480	499	2.865669323239718
480	589	4.176842995381735
480	750	2.8780478928108817
481	481	5.289583823632661
481	755	0.47265586212818755
481	916	1.8664488182796601
482	1	0.382016382222036
482	61	0.7763709441951772
482	482	2.921102201218356
483	54	3.545331994499555
483	483	2.0758916728851933
483	596	3.6051367413536237
483	657	2.4465629658278454
483	897	1.2416651510271586
484	484	4.608786731864916
484	882	2.5751512720092973
485	485	4.503132343252054
485	595	1.0878268213647209
486	486	3.4504335812437557
486	937	0.7686404863833701
487	308	4.566014951554729
487	487	1.3908693469930606
487	685	0.6321818406287708
488	118	0.7161944417873709
488	488	4.540068300192737
489	489	3.132238009779637
489	843	1.9259452246544688
490	13	3.915827090462465
490	471	3.6982049337375544
490	490	0.1500050568601201
491	491	0.9244548694840864
491	594	2.893769932373319
491	763	3.8924637991959754
492	292	3.67635457706357
492	492	3.9623210169580743
493	128	0.006885631834082595
493	493	0.9718937441253945
494	494	5.755659770102868
494	601	1.6390212248571756
494	753	4.19873217233871
495	495	1.860999821951411
495	582	1.363011886806759
496	496	5.875102655495175
496	643	1.4912508249371315
496	861	0.2820522350752721
497	116	1.355861879420663
497	497	2.238911721329587
497	551	0.6635544677870402
498	498	5.078213986271259
498	798	0.10221911971807622
499	236	0.9959500343966202
499	499	1.5316170925675998
500	304	0.3799376016945009
500	500	4.283576386324198
500	694	1.8578677721487433
501	65	0.9817621420285537
501	501	3.424073554529275
502	502	5.875481969565411
502	718	3.129586690013857
502	994	0.32646279076385004
503	404	0.6541244730965361
503	503	4.438434034574886
504	504	3.371854787416522
504	510	4.11271117978592
504	557	0.18614291209908984
505	505	5.0746912254134084
505	835	0.6289639426000317
506	264	1.9671405996990736
506	506	2.79122925532982
506	626	4.212133440511867
506	989	3.2452119030590403
507	87	2.13094664552116
507	507	0.90620178733267
508	508	4.285109441281054
508	693	3.039388036003823
508	892	1.8310106459074496
509	509	2.269561231061172
509	549	0.2644046599939962
509	732	0.68921519148963
510	510	5.150920896112989
510	744	2.0559935406481835
510	809	2.2833460105682173
511	511	1.7998809487069072
511	513	1.8157084010480653
512	346	3.7192830514609345
512	512	0.1732073047244882
512	996	2.1356642402823223
513	513	5.601509298690129
513	571	2.832575547752465
514	514	5.2097651805648075
514	688	2.332813663910548
514	760	0.8595783129525048
515	508	1.8102447778207056
515	515	5.220339840032104
516	224	1.8842759184622326
516	516	3.7374503133510704
516	814	2.1133152471136722
517	148	0.044331733941888274
517	517	2.3907570431164835
518	62	0.5668445140093068
518	157	0.32925673437041697
518	189	3.435157220107461
518	431	4.231488544501633
518	485	0.5940141830613934
518	518	0.8860836645197652
518	985	4.530767695265991
519	518	1.9497994711049058
519	519	0.11412009972203552
520	230	0.5447563973693655
520	520	5.343738838533244
520	893	3.069936817128266
521	521	4.482165497456535
521	806	0.3426995585203052
522	110	1.3509946395861303
522	522	2.5920103312718417
523	523	4.695301166460924
523	566	0.9425387171664088
524	229	4.579367406627911
524	246	0.08149370277599445
524	268	2.5881698352853135
524	271	6.855959007292379
524	294	0.9247974742763273
524	413	5.386594415038337
524	469	2.394361031569817
524	495	0.5725045460334028
524	500	0.20376054880219308
524	524	1.877496670102967
524	771	5.204881362842834
524	790	0.18126550109402934
524	828	0.09958381542522693
524	867	5.569898671382821
524	967	4.060488563797887
525	26	2.0484427026803624
525	525	1.7558976301157316
525	641	1.055502926608979
526	526	0.7251683969442391
526	929	2.9781647627783325
526	999	6.8301678421531555
527	527	0.8779891246472908
527	531	2.2283990601733743
527	569	3.59158278427712
528	528	3.5507390938695327
528	735	0.445828544232025
529	330	0.4960702486444899
529	529	3.81586392086174
530	30	1.5678739517130662
530	530	4.206949472854384
531	152	1.2194140830231053
531	220	1.0773027783941653
531	531	4.99673478187623
532	119	2.9498679336750397
532	532	1.6209816124878225
533	260	3.310567071725006
533	474	2.506323559474
533	533	3.6878602824136273
533	984	3.4244560903782695
534	253	0.5827338786297881
534	534	5.239762734407622
534	713	1.9394909697246518
534	874	0.15630034289476016
535	193	2.867048911467749
535	512	2.29940010777792
535	535	3.448061244629975
536	105	1.6579522111356253
536	536	4.033296695234733
537	537	2.1793483361928727
537	722	0.7307371195752421
538	186	0.43895153638097495
538	210	1.4347474659674255
538	538	5.952640194309592
539	144	0.1328402157016312
539	539	2.4092235337675802
539	839	0.28926287278456186
539	944	0.41069246524788205
540	379	2.200132676543342
540	540	0.0782663321639483
541	541	4.4717087109367855
541	962	1.0422577008329241
542	437	1.698253955974785
542	542	4.59817716475728
542	783	1.2745996979443142
542	939	3.686558491993061
543	268	0.6901786227427502
543	403	3.561171750222922
543	543	2.0897589694001777
543	890	3.0458826728126693
544	55	1.2308991563038076
544	105	3.3159044222712506
544	507	1.0599166415824297
544	544	2.525048232438
545	545	4.409351750802786
545	867	0.7426531561843761
546	546	2.434487877711768
546	779	2.7294138576556803
547	184	0.20271828767514322
547	547	1.7352690244063633
547	846	0.5449180336618463
548	548	2.948289356526736
548	659	0.02271171923218418
548	954	2.8468347524817066
549	114	0.4261814436256872
549	294	0.18495949485526544
549	549	5.8261395457300305
550	362	3.859303154869348
550	550	4.208707245871041
550	683	0.36261471699439873
550	687	3.3918457572850746
551	551	3.9299314597529778
551	642	0.3383537128985291
552	184	0.2702910502335243
552	410	3.6442523000006872
552	552	4.342964472242732
552	656	1.36973419965676
553	280	3.3907979746815835
553	553	0.08371169800436329
553	659	0.02271171923218418
554	551	0.6635544677870402
554	554	3.480564224145791
554	563	2.9984122864495575
555	555	2.1805929492226115
555	605	0.20487111917925205
556	74	1.8194800225266523
556	152	2.4388281660462106
556	347	0.6362411648369033
556	445	0.7353337139970968
556	556	5.40493129220329
556	885	2.6275422582356365
557	557	0.052277909885430685
557	891	2.1933870907093747
558	558	3.978140575170208
558	593	0.8578323424151417
559	225	3.9235355568338854
559	559	2.590098852285637
559	669	1.4501386321892191
560	481	2.2099947094917898
560	560	4.7519277955363695
561	561	1.1088425379429325
561	965	0.3066912658178738
562	562	1.0644432840303792
562	666	0.30250675180214626
563	371	0.5736909917579469
563	563	4.431916504952211
564	73	0.3853370215380161
564	284	3.1242854002470555
564	290	1.4382090541612014
564	564	2.7439669923634282
564	567	2.2922641403426183
564	768	0.4646116773221522
564	888	5.7853548487506705
564	941	1.5322856599446588
565	565	5.431917894697314
565	915	0.26723289471457934
566	27	3.9134765819270987
566	332	3.515352526232766
566	566	3.0312838247752696
566	600	1.9419068145017118
566	670	1.9673411266765852
566	717	4.085855742179768
566	761	3.1543033539059024
566	832	0.7916293985177718
566	913	4.587911152809541
567	397	0.9844148988560812
567	567	1.3450992239162225
567	585	0.08422079342381822
568	126	0.37855428291789217
568	206	1.8968960723427202
568	568	1.997211262894329
569	18	3.2850837218543276
569	569	0.3859060851571263
570	570	1.9185247461877002
570	949	1.7266005350139795
571	200	0.9360176360465596
571	571	5.306163303351905
572	143	1.2976651355927067
572	435	0.671615570574779
572	572	4.186578906023993
572	789	3.2800615889584748
573	573	2.309881213147661
573	726	2.7122394576037485
573	786	0.6098978714688467
574	248	3.3139177332797614
574	489	0.6507671308555533
574	574	0.43150701433747796
575	112	0.0999545465201507
575	324	0.38364860136987256
575	575	5.603046741752756
576	576	5.764777278624175
576	709	0.739990059605198
577	577	0.497714602491248
577	917	3.705117375443657
578	44	6.282304131681953
578	66	1.8691002546538185
578	79	3.9364983252963066
578	92	5.0632550732539245
578	112	1.1328181938950415
578	273	1.8871806757123673
578	304	4.305959485871011
578	320	4.981830207268229
578	355	4.977458631777841
578	438	1.361345069913392
578	452	6.5898067393759785
578	456	5.795312860019466
578	525	1.160840574166252
578	538	4.179118165808864
578	542	0.30326136424412165
578	578	5.243656905287331
578	585	0.9545023254699398
578	612	3.5708560677617625
578	613	6.335845636922303
578	616	1.1874659564844525
578	658	5.774782452282983
578	664	1.8306964392961063
578	671	1.3774061590975604
578	674	2.7817257833257987
578	677	0.47802301814318165
578	714	0.7799755576835485
578	737	5.327970328504614
578	746	0.051859763851486385
578	786	6.912175876646929
578	798	1.737725035207296
578	899	1.3535594398775965
578	909	3.485132609692312
578	935	3.5341072887850102
578	951	6.693448220556968
579	380	0.4414987023018382
579	579	3.6578153579195942
580	580	0.5247705566709167
580	928	2.70314059278728
581	488	3.0825438203137816
581	581	1.486126615456531
582	414	0.7660783460909946
582	582	1.1496023943183182
583	86	1.287843832300662
583	217	0.24352740717167456
583	583	3.5366948986847473
583	631	1.83640473464219
584	584	5.59530790540679
584	983	0.4928779144500775
585	585	0.7274410924021042
585	703	1.7738171432368812
586	508	2.715367166731058
586	586	5.334792927864353
586	630	2.8754911311261613
587	321	2.253521253191692
587	401	4.659281540336774
587	587	4.683081420710956
588	588	5.958850505216018
588	792	1.4063177922155496
589	320	0.4395732535824908
589	589	3.9611019805615273
589	924	3.6510923420933894
590	5	0.07309927550175452
590	279	1.9384462276771928
590	478	1.291536511538847
590	590	1.478254081685367
591	502	1.7186134035967173
591	591	4.463318935902894
592	293	3.5380899831900376
592	366	3.0612813547989144
592	592	5.4646638578043385
593	384	0.2241752186931451
593	593	1.305654368255599
594	520	0.8594273371588701
594	594	3.149321734820856
595	58	2.8899897458512886
595	59	2.7266199833849507
595	522	2.840659618405704
595	532	2.201316091669824
595	595	4.323782858433832
595	728	1.4662236111854987
596	85	0.9247823377274292
596	175	1.326918841968951
596	596	3.2309119175002436
597	278	0.6467104318564854
597	597	4.1263562290384215
598	598	1.7186924772434375
598	874	0.07815017144738008
599	202	3.338264383687647
599	599	0.40039640297330736
600	204	0.8806616611352414
600	600	3.30111964272574
601	35	1.203289333460083
601	601	2.109496662253517
602	280	4.521063966242111
602	485	0.339436676035082
602	602	0.020545869858530574
602	628	3.164475104694876
603	495	0.07633393947112038
603	603	3.77040813524667
604	604	4.971751226938466
604	905	1.9284998972739775
605	84	1.1146243709410344
605	605	1.044753208034905
605	849	0.6570109547328911
606	442	1.3901228859112913
606	499	3.4388031878876615
606	606	5.912051249761795
606	872	1.2518016961018947
606	908	4.261082772272166
606	997	1.080386306239654
607	607	1.0502427151733607
607	822	0.5815442834176342
608	504	3.96684236572454
608	608	2.1498427641562294
608	775	4.834414416529416
608	880	2.823433534919549
609	256	0.029837990291829986
609	609	0.01495831711304163
610	150	0.6438303509520075
610	610	0.3764758807212236
611	328	1.4501616504750154
611	611	4.475713609136848
612	83	2.5560074315310466
612	612	2.992660275061989
612	619	0.6397097800193666
613	613	2.031554822509891
613	876	1.603861059616548
614	614	3.3509982941247696
614	819	1.0155056951708463
615	419	1.1436187004812068
615	477	2.169830690471413
615	615	0.9768100943287286
616	615	1.3912855071633792
616	616	5.247222844728359
617	617	3.4126795485132977
617	704	3.808602900466325
618	170	0.31678904336533886
618	618	1.2870382755938738
619	619	2.767772534953962
619	920	1.8423165830652048
620	334	4.3359695782488
620	472	0.5710061762590393
620	620	3.627112337560838
621	208	0.5376256128382191
621	621	3.1709077015949596
622	497	0.3630341519029759
622	523	0.6201624138426165
622	622	5.7576785622248945
622	851	4.065266374960127
622	884	1.472570603069437
622	955	2.4382531734147053
622	991	4.375290401529139
623	617	0.32358591641509776
623	623	1.85639275280397
624	41	0.06163547115081856
624	196	2.925797789321022
624	624	5.888083488252999
624	773	2.144154596715966
624	920	4.605791457663012
625	299	0.34874072922989113
625	625	1.9925258247192514
626	498	1.4974239067107944
626	626	4.715444611722207
627	469	0.31924813754264225
627	627	2.3629253052575114
628	592	1.0324007395825032
628	628	4.9235176658195785
629	314	0.6472338461206483
629	393	2.4772807783519855
629	629	3.891675018084409
629	697	4.3883558713165645
630	347	0.6362411648369033
630	580	3.153831700057722
630	630	2.08874762806907
630	725	0.9772803619409243
630	799	5.632589492587204
630	899	0.2388634305666347
631	242	0.10218138894363156
631	631	1.6457577301936874
632	632	0.7287804228879868
632	936	0.9928435809572074
633	633	1.7273089476953216
633	970	3.4845420620591856
634	591	0.8008207367031264
634	634	0.19455718178821502
634	770	0.1827782120424116
635	635	2.742667374787564
635	717	1.3619519140599226
635	972	2.4953417963948876
636	386	2.2299169937611074
636	636	3.2664639341985087
636	990	0.8916808650133488
637	637	5.63430376159954
637	801	0.7999334949280297
638	78	1.785107854701818
638	282	0.32561522379073304
638	396	2.014638762010801
638	450	1.1898657621828597
638	621	3.1102863068999933
638	638	1.1550214304393278
638	923	3.075456131533893
639	375	4.07597377137726
639	632	3.2064691186816665
639	639	4.9280628933558965
640	281	1.6650320172135555
640	494	3.64319910427179
640	640	4.313782231830247
641	459	0.10389189668794657
641	641	1.9223884758874712
642	504	1.98342118286227
642	642	2.300250740776671
643	102	0.5706328809980841
643	115	3.293958224634864
643	643	5.715608718362745
644	368	0.6696156319677634
644	644	1.6437041687078144
645	61	3.881854720975886
645	70	0.7299603113545148
645	94	4.902744767612966
645	137	2.457965640555189
645	143	4.86624425847265
645	146	5.8281917200690305
645	245	2.096835086961298
645	324	1.9182430068493628
645	327	6.413626687016228
645	381	2.4446646290461236
645	384	1.6813141401985883
645	417	4.486727360103377
645	515	0.3224671573955768
645	645	0.906669388472328
645	883	5.208597607695076
646	221	3.3088018588199755
646	646	4.535517783492315
646	943	0.7931079677242098
647	534	0.060375486260912936
647	647	1.2951804199009778
648	190	0.2699614260595639
648	648	4.995631138085089
648	667	2.7421890469543495
649	595	1.0878268213647209
649	649	1.3250952911118719
650	556	2.466706016021523
650	650	0.4794897722005351
651	109	0.04692639008286825
651	651	2.336008960781418
651	737	0.47011502898570123
652	87	4.26189329104232
652	311	1.0350678214094515
652	652	3.085926947691046
652	988	1.5762337619858298
653	68	2.5597286388715395
653	530	2.6876877240974872
653	653	1.5839275084034539
653	742	2.719795703093341
653	985	3.236262639475708
654	123	3.357262122223134
654	610	1.7717930090580307
654	654	1.5928009588970828
654	916	2.48859842437288
655	7	3.894854010438593
655	414	1.9151958652274865
655	655	5.45980250624717
655	711	3.90443325288794
655	760	1.432630521587508
656	48	0.7937131130170627
656	52	2.5645791297204252
656	128	0.06197068650674336
656	207	1.8412141382055733
656	242	0.9196325004926841
656	317	6.2570391831337435
656	389	0.12838252990641788
656	394	3.5424424373597647
656	425	0.4977052312645529
656	446	0.8645971877352036
656	537	4.723058303504263
656	546	0.8638030032342401
656	554	2.265536191731948
656	645	0.12024555843279358
656	656	0.9915453866351562
656	850	0.18784818829626077
656	932	3.1173900649561603
656	952	0.39056787188238395
657	315	0.45537943389624225
657	657	4.6575601192172735
658	96	0.8080278820497293
658	169	5.154166041863949
658	344	4.655082757474939
658	658	5.265896248318798
658	795	1.8196927766813742
658	856	3.264079529503073
659	83	4.260012385885078
659	197	1.323568572339261
659	336	2.7525112265128073
659	478	1.614420639423559
659	659	0.1583601464630353
660	647	1.3004342551533439
660	660	2.126086254988548
661	514	0.25869725638078356
661	546	0.28793433441141336
661	661	1.1008291862986053
661	840	4.756968365957176
661	889	0.16312705265846766
661	900	0.6325262002942674
662	662	5.643611060241124
662	799	1.8775298308624013
663	348	3.9082275562019473
663	415	1.7637161922649716
663	663	5.071014072341771
664	193	2.867048911467749
664	664	0.6502475065897351
664	982	1.275085869793691
665	665	1.6687808611230275
665	790	0.03625310021880586
665	869	3.8673089307538295
666	351	2.191676844990902
666	666	4.720882116976359
667	370	0.6778663544081982
667	667	3.603248803028356
667	850	0.03130803138271013
668	668	2.954956265272406
668	686	2.573853625433564
669	38	1.9826504623326389
669	180	5.179866283211616
669	270	5.50568134576525
669	645	0.04676216161275307
669	669	4.665306167889794
669	813	0.571359497182005
669	911	3.2965929551179363
670	182	1.4574558265522521
670	670	2.53608315081829
670	791	0.8603324216855724
671	189	1.9629469829185493
671	671	4.329544458603259
671	698	1.7676976261625237
671	803	3.469157838011933
672	119	4.424801900512559
672	672	3.4642667172934676
672	827	1.9909331381969388
673	255	1.2326386847053938
673	673	5.3157000513482835
674	235	0.6127222092408291
674	420	2.2481362594140077
674	674	4.832825718542636
675	675	3.2959322337464987
675	748	1.658584301591501
675	781	2.8024028417326114
676	453	2.1395629208214846
676	559	0.18188275769143736
676	676	4.712463885045822
677	95	2.635918273740448
677	677	5.225762335015701
677	763	3.8924637991959754
678	468	1.5284469416634512
678	678	4.592051027290255
679	490	0.29275802718238353
679	575	1.588036358361707
679	679	4.553388039397691
680	71	0.3824110020190936
680	680	3.0764022883783086
681	251	0.5447702983892202
681	398	1.5773943621438948
681	681	2.39966495772992
682	176	1.7058222061815034
682	682	5.348400492844828
683	287	1.2915175224075495
683	683	4.791862712839719
684	513	3.6314168020961306
684	650	1.5915089146761738
684	678	0.3339045940315362
684	684	4.436898034041596
685	16	1.7214862752414635
685	529	1.4604448831503734
685	685	1.0643636323103716
686	284	0.7810713500617639
686	686	5.535082479965061
687	151	1.5209730824269432
687	458	4.193450142705066
687	687	5.992621323986885
688	688	4.665250138884758
688	712	0.23125749033604048
689	492	0.3328376515313325
689	689	3.5817978593757998
690	84	0.7430829139606896
690	690	5.268792397385803
691	691	4.55587668880066
691	768	0.11615291933053805
692	167	1.1173325082538774
692	447	2.775855646766863
692	692	4.139717638947464
693	46	1.8412077534037674
693	693	4.623323860194102
693	747	1.8258384870696296
694	124	2.4992275992238704
694	219	2.2130189301988743
694	316	1.1527026857793243
694	694	2.8285596177963335
694	716	3.5042960811834893
695	695	0.7078865176878912
695	746	0.0030505743442050814
696	696	3.4493501908382793
696	883	0.6944796810260101
697	180	1.4799617952033186
697	697	2.8185676218148474
698	407	3.1344995934289686
698	698	0.4446590603902687
699	526	1.9168405842221077
699	699	5.478087263302708
700	67	4.921933294378377
700	99	5.332418331719117
700	150	6.4383035095200745
700	205	7.445069575223834
700	266	1.9515334669567042
700	286	5.265184535858738
700	299	3.487407292298911
700	368	6.696156319677633
700	374	4.421034301756449
700	482	5.3278826760040285
700	561	5.4355702333837534
700	590	4.0398869133161375
700	700	1.7284788478564501
700	764	4.538548536313354
700	811	1.992453010208264
700	823	1.6778362108674738
700	846	3.6327868910789753
700	854	0.08648104756035835
700	947	1.742200156771571
700	965	3.066912658178738
701	701	2.5034216670427396
701	859	1.913271964215975
702	111	0.3438092596371132
702	137	0.9831862562220756
702	364	1.5719701029395154
702	465	1.0098379800980564
702	702	1.5691796535663358
702	802	2.6200164270833923
703	703	2.8993103993508975
703	875	2.0821943044524627
704	396	0.5756110748602287
704	704	0.6616685372498172
705	580	1.051277233352574
705	705	3.0827993138663703
706	375	2.7173158475848402
706	706	3.397202056221926
707	132	0.1748796986785108
707	297	0.2610686096658242
707	707	5.138982273716876
707	709	1.479980119210396
708	333	0.21203525799065884
708	708	2.308338700498163
709	411	1.5403403617089844
709	709	1.247713695209756
709	758	0.8061880820543219
710	710	5.078796993865336
710	873	1.4354110108118379
711	711	0.5680183022162419
711	869	2.578205953835887
712	116	1.355861879420663
712	712	0.1115866909691623
712	849	0.6570109547328911
713	63	3.250793372836559
713	75	3.4209228022457254
713	117	1.1251959141435068
713	475	2.87695265820509
713	603	1.388548540957761
713	713	1.4253076920568697
713	956	2.25872397864609
714	405	0.3960488656635479
714	714	1.913331946538633
714	774	2.533192766347919
715	715	5.807475632311624
715	879	0.705500069707834
716	716	3.440081900968398
716	833	2.141257698328039
716	836	2.364419479999387
717	717	2.451340255884772
717	821	0.47249754483820416
718	37	3.3376750493960032
718	718	3.1893379947740836
719	231	3.793101578648208
719	719	4.837080836907028
719	824	0.9887978503945947
720	267	3.7407492456374323
720	720	0.03998736759596078
721	261	0.16012211022259404
721	721	0.866797643790447
722	147	5.570698225682847
722	223	3.293259934740549
722	288	3.010314606526089
722	701	1.0621056454056998
722	722	4.4925005683128765
723	401	3.10618769355785
723	723	5.607163846789055
724	6	0.7944333437111718
724	724	5.334266583392433
724	833	2.141257698328039
725	160	1.1466820904817696
725	239	1.4638246757103528
725	676	1.0178970434134034
725	725	0.6716798090710665
726	726	1.1729854565456046
726	870	0.40037373861468106
727	550	1.6818179912556244
727	727	2.86134120916263
728	214	0.9962120067153082
728	722	1.096105679362863
728	728	4.5778867775740935
729	278	0.970065647784728
729	415	1.7637161922649716
729	729	5.372235838656787
730	412	2.5539685164070196
730	730	4.983813392288537
731	305	4.457391551915815
731	731	0.7830186295775929
731	993	2.9249725980459207
732	481	2.2099947094917898
732	732	2.5042455083825677
733	733	0.7522146526139546
733	764	0.4538548536313355
734	734	0.8069039462445016
734	926	2.08306741771204
735	173	0.5040025283679069
735	593	2.1445808560378543
735	633	1.7933963320853108
735	735	3.256415642138677
735	861	0.47008705845878684
736	577	3.182665089363332
736	736	0.39482009350526415
737	474	1.8797426696055002
737	705	0.5274608480453342
737	737	5.8610378756609105
738	326	1.772720620515049
738	738	0.931703909869698
739	739	1.7416970924376298
739	753	2.79915478155914
740	355	0.4391875263333389
740	678	0.2504284455236522
740	740	0.5139246831917319
741	312	0.48191291736364267
741	741	1.1330446121963995
742	681	1.952277206950698
742	742	0.5347343685228587
743	548	0.11187002814734281
743	743	0.7881006095665484
744	609	0.489438685331567
744	744	2.6273587853643687
745	745	1.9406099052032844
745	808	1.0254084441994278
746	746	5.255914567057542
746	794	1.67685852212129
747	747	3.098840776296128
747	959	2.116687693774913
748	723	2.427309014343746
748	748	0.5247427143700132
749	167	1.1173325082538774
749	648	3.145320697818706
749	749	2.0479964367195818
750	308	3.044009967703153
750	750	4.592361638171398
751	751	3.1228531039147933
751	805	0.6999228478641735
751	826	0.5746148081783552
752	742	1.0879182812373362
752	752	3.6555024188090535
753	257	0.12906056067158514
753	753	4.054340906181088
754	754	1.176250583637032
754	785	0.9212299860648944
755	679	1.6970329037670522
755	755	3.0051901168274275
756	694	1.238578514765829
756	756	0.45706851010238214
757	114	0.710302406042812
757	230	0.9079273289489426
757	428	0.7567657744517988
757	757	1.7757620339899944
757	926	5.2076685442801
758	475	0.8219864737728828
758	758	4.04393366226275
759	194	0.5358990577595415
759	239	1.0978685067827645
759	759	4.953911921025505
760	665	0.2779008605197721
760	760	0.6445754303099698
761	427	0.06342649815763508
761	761	5.894059944726218
762	541	2.2268452022312997
762	628	3.164475104694876
762	762	1.5802580315424553
762	971	0.25383328833665786
763	367	2.811848134693615
763	763	2.986589198855127
764	757	3.2974719546469347
764	764	3.673159088285394
765	455	3.603424503260995
765	765	5.581936872028414
765	829	1.3837563388243133
766	223	1.9759559608443293
766	406	0.018516622458377707
766	766	3.3518880659757824
767	767	4.915861182996098
767	872	0.6259008480509474
767	961	1.5590099955925247
768	385	1.579752465964513
768	768	4.814763591174002
769	620	0.07995745118084407
769	769	5.957938458233879
770	196	1.7554786735926131
770	340	2.922374144378129
770	770	2.7959292455098694
771	55	1.2308991563038076
771	623	2.510397167782359
771	771	5.54707214906142
771	940	2.0657508354667353
772	457	3.943186451111884
772	772	0.08090446884987723
773	418	3.175232307803191
773	773	4.001354366054105
774	726	1.8081596384024992
774	774	1.169399311508159
775	775	3.421335261683406
775	906	1.8150129585294197
776	30	5.487558830995732
776	113	1.110914466385269
776	224	4.39664380974521
776	558	2.396391188041062
776	561	1.9024495816843137
776	740	2.1553454641782586
776	776	5.499468908576315
777	194	0.35726603850636107
777	777	0.25357307527067663
778	303	0.4470022600478127
778	778	4.09641279977117
779	715	1.2892027258132943
779	779	3.661150924923547
780	0	2.810092272712487
780	279	1.4538346707578946
780	780	0.40368794177695877
781	388	3.663201726031027
781	781	0.06577067264666558
782	310	0.6744855044685334
782	493	1.676020359784705
782	564	0.08345749356409678
782	567	1.4326650877141363
782	782	4.9685327542961915
783	783	1.6854050699638223
783	832	0.1759176441150604
784	646	0.9790625289045938
784	784	3.5687306976079136
784	816	2.311437099455604
785	501	0.15076201840658143
785	785	3.5984677948591504
786	679	2.545549355650578
786	730	2.3942207898306993
786	786	3.797736771408963
787	254	1.7720981947876515
787	787	2.9200149625334157
788	774	1.6887951775652796
788	788	4.1756818333125345
789	685	0.42145456041918056
789	789	4.0578123483557125
790	442	0.6950614429556456
790	790	1.1314174186835422
790	815	0.7180558983147508
791	357	0.07269317371824405
791	791	5.611000884233572
792	51	3.9663675117521704
792	792	0.5928556292588667
793	624	3.2367035326207496
793	793	0.5165211076047025
794	219	1.3278113581193247
794	569	3.59158278427712
794	794	5.80252474799463
795	272	0.11785113855691308
795	795	5.906829058734788
796	99	1.066483666343823
796	582	2.726023773613518
796	728	0.9774824074569992
796	796	4.8063216572362295
797	13	3.915827090462465
797	797	5.415938606453418
797	945	1.6048201717930777
798	430	0.44328557956282777
798	798	2.429663599391364
799	8	2.9635325783993864
799	56	3.8523491996755097
799	131	4.245164361164968
799	161	0.26980239102552717
799	281	4.995096051640667
799	430	1.994785108032725
799	533	3.364742557983457
799	799	5.291846925232253
799	904	4.452771598502448
800	49	0.6032691413990384
800	800	5.075852146783204
801	594	1.9291799549155462
801	801	2.6574548266450586
802	586	0.023169558360432597
802	802	1.0530557553812698
802	862	3.8653802473886523
803	36	2.8544310962271044
803	574	1.3499764053575887
803	803	0.9156966076278013
804	684	1.6111926542041297
804	804	5.695473388284324
805	275	1.5925612078616511
805	805	4.137315463011193
805	894	1.248067714284825
806	277	1.9942533035327905
806	715	1.933804088719941
806	806	3.629946162291703
807	637	0.24934646684316283
807	807	4.831427459860632
808	212	2.242971470593887
808	711	2.342659951732764
808	808	3.757268464602271
809	48	0.5291420753447085
809	142	3.161903056619712
809	464	3.3580442828985095
809	480	1.9077978407538574
809	525	0.40970843794103007
809	537	3.1487055356695084
809	606	3.020179649900663
809	797	0.14101249228737345
809	809	2.7459308952579966
809	962	6.253546204997544
809	973	6.720559437018844
809	979	0.620202392162539
810	674	0.245446392646394
810	801	1.1999002423920444
810	810	4.398679737301861
811	131	1.4150547870549894
811	811	0.8944127973840432
811	968	0.5426802856078059
812	66	0.16492061070474867
812	88	3.3000821131389126
812	812	3.8575034877218255
813	266	0.19515334669567044
813	813	1.673383880575609
814	814	1.2337750932512372
814	924	3.6510923420933894
814	993	2.9249725980459207
815	765	0.4497763692353175
815	815	0.11865585201555273
816	36	3.805908128302806
816	816	0.7179889547645926
816	890	3.0458826728126693
816	923	1.7574035037336533
817	440	3.55042418339253
817	817	3.898561277207971
817	986	0.5938628450901904
818	171	1.5053422308140056
818	730	2.3942207898306993
818	818	0.784783035462951
819	623	1.2551985838911794
819	819	3.3018303451274535
820	317	0.6952265759037494
820	820	5.641412150295173
821	523	0.17718926109789043
821	821	3.887953812776379
822	86	0.9658828742254966
822	822	1.7379282335830986
822	977	2.608672006220594
823	312	0.722869376045464
823	646	0.9790625289045938
823	823	5.793305429979842
824	221	3.3088018588199755
824	248	3.3139177332797614
824	824	0.5705706883289368
825	166	3.7636020831232946
825	825	5.263823912120585
826	826	3.8895373122884047
826	973	1.1200932395031407
827	24	2.040410340240709
827	827	4.664982533558225
828	100	0.0787613856063784
828	828	1.2751404812081917
829	227	1.780627802359544
829	731	2.4815728557418777
829	829	3.318213582438216
830	76	2.8058023031268315
830	830	3.278625264255542
831	483	2.642644578849053
831	831	0.5234583907499195
832	832	4.486597775438181
832	931	1.6121794773178952
833	0	1.8733948484749914
833	833	4.549620466102648
834	168	2.3325471113920027
834	834	5.054406930957164
835	835	5.680711297091906
835	893	2.0466245447521776
836	638	3.0651288587456085
836	836	1.7755269922542467
837	262	0.7582854277450335
837	837	1.6864419313260934
837	902	2.989556283237018
838	158	2.1639200803190053
838	164	5.193162897581452
838	172	5.129104316948328
838	306	2.757265763288481
838	743	1.7465212332700726
838	780	4.296392783699779
838	838	2.101349500082094
839	839	5.431835314948097
839	992	3.1411781372459413
840	328	2.175242475712523
840	589	2.5061057972290413
840	840	1.5703593107866476
841	682	0.6072811116102269
841	841	2.777805903929316
842	706	0.11342083401793275
842	842	0.18460933983754035
843	88	4.400109484185217
843	636	3.7238051091070603
843	745	2.666106755041382
843	843	0.2844795853453399
844	733	0.12278462096562115
844	844	2.0111880081939377
844	907	2.120143123679989
845	159	0.6577260157023296
845	473	2.728394885322861
845	733	0.20464103494270192
845	777	3.2468807403307762
845	845	5.424772072612934
846	124	1.4995365595343224
846	146	1.1656383440138058
846	846	0.596028227264987
847	767	0.37344039408998714
847	847	1.2614286428887904
847	865	1.3694492861345235
847	961	2.0786799941233665
848	76	4.208703454690247
848	848	3.7630826960213812
848	922	1.0141389521210882
849	20	1.2612775414765096
849	720	0.44408795347689906
849	849	4.072974013557926
850	697	2.1941779356582822
850	850	2.3469358296592793
851	311	0.5175339107047258
851	851	0.623197142722149
852	292	3.67635457706357
852	852	0.2990976039381674
853	23	0.11648566425983048
853	422	3.4407988617814484
853	492	0.9985129545939975
853	806	1.0280986755609156
853	853	2.982916728409479
853	946	3.300815753708238
854	42	0.026930680129549245
854	708	0.34538596819692025
854	854	4.305543273497514
855	201	0.1285393341707426
855	855	2.6000169665599167
856	188	3.8368023329948815
856	350	2.233649956625437
856	441	0.8848017876790085
856	516	2.9292017643242234
856	815	1.4361117966295016
856	856	5.853197924610807
857	51	3.9663675117521704
857	857	2.780332860174725
858	215	1.4121156201928569
858	858	2.9723888691750524
859	662	0.39896412803153103
859	859	5.636462386188193
860	153	0.9125059214146664
860	860	4.250937705853669
861	340	2.922374144378129
861	373	0.2755198825497336
861	861	0.9028324030051142
862	599	1.5439663291170815
862	862	2.893155923879907
863	409	0.7210509975177608
863	863	3.0186663409917966
864	216	1.898878320641985
864	864	0.011887163299324266
865	302	2.214248202772569
865	865	2.3729444202998216
866	378	0.10285317033219014
866	866	3.7194179471977526
866	974	2.3496314057506322
867	491	1.0997737376901289
867	552	1.1586655231306455
867	867	1.7673136656868647
868	868	2.3260928902147926
868	925	0.08044271710223444
869	364	0.5239900343131718
869	869	0.7239817251900595
870	624	3.2367035326207496
870	870	5.974401401217362
871	688	1.5552091092736988
871	871	4.763704586478868
872	602	2.6115676134950703
872	872	4.114450508510059
872	950	2.5369565987492297
873	162	0.10361468728812641
873	873	4.255234074259626
874	576	0.4358720861839722
874	874	2.5330049694529277
875	506	2.559544209632232
875	661	0.5693347639076212
875	875	2.511919284192119
876	135	3.5123600896291776
876	545	2.9396075291651735
876	876	5.62621942221656
877	228	0.006710596200846908
877	382	1.5377293461842874
877	391	3.89313688631688
877	461	5.376378638279365
877	573	4.112267959364454
877	619	1.7058927467183111
877	689	0.5630213506556252
877	877	1.6162628633223248
878	371	0.5736909917579469
878	878	5.916812161927502
879	528	1.2492262151065083
879	604	3.9600163194171287
879	879	5.471539141112637
879	918	1.150790326884941
880	511	1.471991222314886
880	880	4.882130888694483
881	484	0.08127939181441714
881	509	2.2459087684538286
881	881	0.009136960522347692
882	72	0.11236494326067382
882	882	0.7993440795380788
883	883	2.5417708715445473
883	938	0.8767960207303997
884	344	2.3275413787374695
884	734	3.195694754769965
884	884	0.21477653709048905
885	399	3.0829897683224305
885	735	0.6687428163480374
885	885	2.075167878166698
886	590	1.0099717283290344
886	772	1.8745505796120643
886	836	3.9406991333323123
886	886	1.893520156805001
886	995	4.612886082551976
887	887	3.1185225920250774
887	996	1.4237761601882148
888	177	0.4313048697055836
888	265	0.9784271299342353
888	588	2.9799292213010444
888	888	0.9608194816343731
889	42	0.026930680129549245
889	367	4.217772202040422
889	889	2.9977830912058674
890	477	2.169830690471413
890	607	1.476895619340754
890	890	5.881442739038281
891	443	2.989107070490279
891	620	0.11993617677126611
891	891	2.4089995965539526
892	608	1.1309094715223307
892	810	3.5677052575832136
892	892	4.599577364241867
892	897	0.9933321208217268
893	166	3.7636020831232946
893	893	0.9618545981772673
894	519	2.2016015623877982
894	894	2.165155934848371
895	665	0.41685129077965805
895	673	4.463454796548152
895	895	0.29053270298834866
896	226	0.7923350349778374
896	896	3.454549562755633
897	211	0.2761226253611669
897	897	1.0680985648792833
898	69	0.38101970553671516
898	233	1.196501916049635
898	517	3.1780305887359526
898	587	2.412146647066331
898	898	1.1301515264303765
898	953	0.6665116162323912
899	227	2.3741704031460586
899	337	2.3875894970055023
899	357	0.1453863474364881
899	899	1.9370144798574342
900	604	1.9800081597085644
900	900	2.7015098329001406
901	29	0.30493090846261883
901	263	2.260798381168747
901	901	4.8731146332598785
902	902	5.437983916556108
902	989	1.6226059515295201
903	43	2.4027325859362945
903	307	3.775838687058493
903	903	1.8487000131936717
903	943	1.5862159354484195
903	951	1.181196744804171
903	963	0.44435978359774353
904	319	2.901004939438761
904	904	4.758702779885045
905	757	3.2974719546469347
905	905	0.9454504891180089
906	329	0.15135424095580513
906	906	0.32496960458962887
907	264	0.9835702998495368
907	907	2.5932157677081555
908	894	0.8320451428565502
908	908	2.480813873815661
909	417	0.5982303146804503
909	909	0.7183640727199418
910	699	0.014873029217240541
910	910	2.0156364136253133
910	929	2.9781647627783325
911	388	3.663201726031027
911	911	1.5720172083230866
912	305	2.9715943679438768
912	912	3.8376792576259806
913	213	3.1027344102993637
913	913	5.854348367287621
914	115	2.195972149756576
914	914	3.409020850300301
915	174	2.7720761666718152
915	915	1.9023811843699756
916	468	2.2926704124951764
916	721	1.0965366431215988
916	916	2.6762145344272925
917	817	2.4868207942032896
917	917	3.53740047385668
918	914	1.208116122698943
918	918	0.5848465500672151
919	390	2.2524612887818294
919	919	3.7185970026807444
920	89	0.3611659263407722
920	817	3.7302311913049335
920	920	2.219363824856539
921	192	2.3351967872558803
921	782	0.3051583255868106
921	921	0.6304714996613328
922	618	0.007142065758733502
922	738	0.21024964317199046
922	922	4.596369333265193
923	611	3.2444808345268354
923	923	4.549342945629476
923	969	1.558829938606202
924	323	2.0998064032976065
924	924	0.7229977759405251
925	360	1.939591719369721
925	925	5.9025384741862785
926	926	3.435026426147842
926	941	0.3830714149861647
927	228	0.0025164735753175904
927	263	2.260798381168747
927	927	2.259058741893342
928	857	0.10918665991467656
928	928	4.21707035680289
929	29	0.40657454461682513
929	554	0.503452487051544
929	778	5.332598650776935
929	929	4.70920270320628
930	596	1.4420546965414494
930	930	0.8491968996354873
931	241	0.3289401112888044
931	931	0.564120123415687
932	156	2.22807098572431
932	932	4.876883764178572
933	19	1.9642038393894625
933	933	0.5598802597764392
934	771	1.0409762725685667
934	844	0.356178527925527
934	934	1.1249564414613507
935	91	3.855093336903378
935	252	0.160418064924726
935	935	5.3337596755792305
936	359	0.36542539879089464
936	936	5.958787367932067
937	156	5.570177464310775
937	342	0.07755063052558583
937	385	3.9493811649112827
937	501	0.3769050460164536
937	937	1.9084179185382761
938	122	0.1434295923514026
938	938	1.980789487049363
938	960	2.9674965295122604
939	683	0.18130735849719937
939	939	1.0260334199561567
940	387	1.831917323359387
940	940	2.5078943721510765
941	210	1.9129966212899006
941	549	0.3525395466586616
941	702	4.520934867726439
941	941	5.354412891203885
942	17	2.492633591008619
942	570	3.2347751597739736
942	729	1.5609657745344592
942	942	2.612734632506378
943	4	0.14264867890290106
943	50	0.04212618879411156
943	165	4.680400825149589
943	257	0.8388936443653034
943	329	0.9838025662127334
943	376	2.2997916933564873
943	514	0.5605107221583644
943	558	4.450440777790544
943	642	2.199299133840439
943	804	1.9286158310223822
943	921	0.6094599867132692
943	943	0.602644865872179
943	987	1.6019744213743419
944	168	3.498820667088004
944	605	0.30730667876887807
944	944	2.137763306132769
945	873	1.4354110108118379
945	945	5.830340320986827
946	163	0.43071555065295897
946	295	2.5845314460434197
946	946	3.489668016115959
947	465	0.673225320065371
947	831	1.1875095866397811
947	841	1.4423935826367718
947	947	3.507322587607737
948	374	0.4421034301756449
948	948	0.9283634670021255
949	271	0.9141278676389839
949	949	2.9263507238116846
950	95	1.7572788491602986
950	950	1.8979906460622624
951	14	0.5208934605474567
951	951	1.2471521170921198
952	366	3.0612813547989144
952	581	0.33499096713424686
952	952	5.786316682859271
953	418	3.175232307803191
953	953	2.907435185177082
954	164	2.225641241820622
954	327	1.2827253374032455
954	954	1.9236199801223286
955	307	1.2586128956861644
955	955	0.8661128328544956
956	370	0.6778663544081982
956	429	3.484510191647585
956	956	2.8978111088057963
957	957	4.530572519958459
957	992	3.1411781372459413
958	356	0.1623909023053347
958	958	1.9475090902952898
959	675	1.657234324919419
959	756	0.6400507582586323
959	959	0.9414719360438459
960	31	4.190029314729517
960	63	2.3219952663118275
960	354	1.656264676422508
960	670	1.0929672925981029
960	960	4.151736592380361
961	408	3.121700130857145
961	961	2.0930149383707737
962	96	0.26934262734990977
962	962	5.607393987098469
963	334	2.8906463854992004
963	963	2.1973346285225173
964	865	0.6847246430672618
964	964	0.9793267862730404
965	572	2.1136198377326796
965	965	5.6585518931667895
966	249	3.261948831875709
966	948	2.379357088013718
966	966	0.8922781189418989
967	957	0.26958516048091463
967	967	5.850746033425095
968	676	0.5089485217067017
968	968	0.14131989666192113
969	286	0.7897776803788108
969	963	0.22217989179887176
969	969	3.3917098575910414
970	276	4.123196190526782
970	486	3.6314058352921696
970	826	0.7661530775711403
970	970	2.4688874557316405
971	358	2.9468381460138606
971	971	1.4268996793674849
972	53	0.8063286684076627
972	972	5.6982287913253264
973	234	0.6702641417265129
973	973	1.3170812257388917
974	353	4.570165881707386
974	386	4.459833987522215
974	452	1.1629070716545844
974	598	2.6049137267178333
974	969	3.117659877212404
974	974	0.37486809881197347
975	668	2.4409396171910216
975	975	0.3787056184603539
976	339	0.36134646143660487
976	976	2.552520754237806
977	870	0.40037373861468106
977	977	4.373034655136145
978	957	0.4043777407213719
978	978	3.178066757387525
978	987	0.36968640493254046
979	550	2.5227269868834363
979	749	2.8208895785024164
979	979	4.3928837926373925
980	233	0.7976679440330902
980	301	0.8651441097099699
980	482	1.0655765352008055
980	980	4.28447878675335
981	579	2.3266074815197686
981	981	5.960647754842059
982	673	2.9756365310321016
982	982	3.388214516353222
983	238	0.17224670377410656
983	983	2.8339297862805948
984	770	0.12185214136160774
984	984	0.4579735705893715
985	382	0.5766485048191077
985	450	0.5099424695069399
985	985	2.578420115453281
986	723	2.427309014343746
986	986	2.041753287278345
987	291	3.0106058684169463
987	680	0.22778361250321857
987	987	1.1641622641284095
988	59	1.3633099916924754
988	888	2.1695080682815013
988	988	4.549847141418846
989	225	2.6156903712225907
989	989	1.8616745441707596
990	207	0.20457934868950814
990	990	4.221309638265412
991	319	2.901004939438761
991	991	3.6483586300397963
992	938	0.8767960207303997
992	992	1.3902425103676441
993	129	0.626526768646916
993	842	2.576242495480844
993	993	4.840313217654105
994	195	2.472923047100859
994	994	1.5975644843739778
995	380	0.4414987023018382
995	995	5.058585277793897
996	270	1.5730518130757858
996	996	0.6937003757519045
997	134	1.215537756102218
997	209	0.13254561217717153
997	848	3.1493011022050705
997	881	2.588341524473925
997	997	0.5166937501499302
998	339	0.5420196921549072
998	570	2.4260813698304804
998	998	4.946617529165328
999	195	4.945846094201718
999	201	0.2570786683414852
999	632	4.275292158242222
999	999	1.6117055449653006
