# graph
# Nodes: 1000
# NodeId	NodeId
0	0
0	387
0	988
1	1
1	407
1	854
2	2
2	736
3	3
3	39
3	91
4	4
4	901
5	5
5	945
6	6
6	120
7	7
7	97
7	981
8	8
8	524
9	9
9	179
9	649
10	10
10	47
11	11
11	377
12	12
12	383
13	13
13	269
13	908
14	14
14	412
15	15
15	261
16	16
16	41
17	17
17	544
18	18
18	338
18	634
19	19
19	939
20	20
20	440
20	736
21	21
21	139
22	22
22	37
23	23
23	560
24	22
24	24
24	25
25	25
25	293
26	26
26	517
27	27
27	466
28	28
28	626
29	29
29	155
29	966
30	30
30	202
31	31
31	56
32	32
32	960
33	33
33	471
33	818
34	34
34	113
35	35
35	562
35	565
36	36
36	578
36	657
37	31
37	37
38	38
38	662
39	39
39	783
40	40
40	218
41	41
41	601
42	42
42	47
42	80
42	598
42	814
42	949
43	43
43	377
43	884
44	44
44	544
45	45
45	185
45	860
46	46
46	108
47	47
47	423
47	844
47	978
48	48
48	910
49	49
49	234
49	322
49	681
50	50
50	917
51	51
51	810
52	52
52	421
53	53
53	229
53	863
54	54
54	584
55	55
55	754
55	910
56	56
56	111
57	57
57	583
58	58
58	436
58	611
58	803
59	59
59	750
60	60
60	107
60	643
61	25
61	61
62	62
62	707
62	809
62	839
63	63
63	85
63	259
63	289
63	365
63	635
63	856
64	64
64	456
64	625
65	65
65	81
66	66
66	547
67	24
67	67
67	78
68	68
68	237
68	295
69	69
69	486
70	70
70	473
71	71
71	476
72	72
72	831
73	73
73	249
74	74
74	470
74	701
75	75
75	695
76	76
76	209
76	394
76	608
76	651
77	77
77	720
78	69
78	78
78	90
78	522
78	834
79	7
79	79
79	80
80	80
80	686
81	81
81	391
81	423
82	82
82	145
83	83
83	454
84	84
84	352
85	85
85	693
86	70
86	86
86	376
86	395
86	687
87	87
87	708
87	906
88	88
88	341
88	506
89	89
89	531
89	822
90	90
90	510
91	91
91	192
91	240
91	434
91	747
91	829
91	983
92	92
92	548
93	93
93	255
94	94
94	400
94	855
95	95
95	98
95	275
95	316
95	441
95	660
95	903
96	96
96	460
97	97
97	573
98	98
98	526
99	10
99	74
99	99
99	175
99	283
99	313
99	405
99	533
99	652
99	700
99	758
100	100
100	568
100	922
101	101
101	702
102	102
102	743
102	886
103	103
103	431
104	104
104	361
104	426
104	731
105	105
105	402
105	937
106	106
106	463
107	107
107	672
108	58
108	108
108	739
109	109
109	213
109	769
110	110
110	361
110	769
110	823
111	111
111	772
112	2
112	40
112	112
112	226
112	502
112	773
112	964
113	113
113	160
113	203
113	591
113	614
114	114
114	858
115	115
115	868
116	116
116	118
117	117
117	392
118	118
118	125
118	788
119	119
119	652
119	724
120	120
120	236
120	900
121	121
121	805
122	122
122	911
123	60
123	123
123	838
124	124
124	290
124	684
125	125
125	866
126	33
126	126
126	509
126	759
127	127
127	162
127	277
127	472
127	851
128	1
128	128
129	129
129	630
130	130
130	208
131	75
131	131
131	276
132	132
132	727
133	133
133	536
134	134
134	660
135	135
135	331
136	136
136	313
137	137
137	830
138	138
138	172
139	139
139	199
140	140
140	853
141	57
141	141
141	363
141	535
141	661
141	754
141	934
142	142
142	191
142	682
143	28
143	143
144	144
144	837
145	107
145	145
146	117
146	146
147	147
147	197
147	796
148	133
148	148
149	149
149	262
149	838
150	150
150	641
150	862
151	151
151	447
151	954
152	152
152	383
152	934
153	153
153	432
153	748
154	154
154	183
155	155
155	977
156	156
156	606
157	43
157	157
157	204
157	416
157	521
157	787
158	158
158	877
159	159
159	200
159	444
159	820
160	160
160	378
160	944
160	946
161	39
161	90
161	161
161	399
162	162
162	463
163	8
163	89
163	104
163	120
163	163
163	181
163	318
163	555
163	557
163	562
163	629
163	700
164	50
164	164
164	345
164	369
164	373
164	480
164	520
164	690
164	762
164	808
164	841
164	860
164	975
165	77
165	165
166	166
166	246
167	167
167	403
167	466
167	690
168	71
168	104
168	132
168	168
168	282
168	421
168	535
169	9
169	44
169	169
169	825
169	907
170	46
170	170
170	905
170	986
171	2
171	171
171	572
171	651
171	656
172	172
172	710
173	10
173	173
174	174
174	980
175	175
175	231
175	935
176	64
176	176
176	216
177	177
177	898
178	6
178	178
179	179
179	671
180	180
180	348
180	779
181	73
181	181
181	337
181	498
181	530
181	918
181	921
181	958
182	182
182	553
183	153
183	183
183	543
184	184
184	260
185	185
185	859
185	864
186	186
186	267
187	187
187	250
187	491
187	629
187	927
188	188
188	745
189	189
189	507
189	615
189	902
190	190
190	521
190	541
191	191
191	990
192	192
192	250
192	706
193	193
193	727
193	752
194	194
194	318
194	335
194	756
195	195
195	331
196	52
196	108
196	196
197	197
197	363
198	176
198	198
198	352
198	479
198	583
198	804
198	880
199	187
199	199
200	200
200	435
200	519
200	575
200	634
201	201
201	467
202	45
202	202
202	612
203	3
203	135
203	203
204	110
204	204
205	205
205	443
205	505
206	206
206	802
207	92
207	207
207	397
208	208
208	350
208	433
209	209
209	434
209	820
210	210
210	933
211	211
211	429
212	123
212	212
212	875
213	213
213	256
214	214
214	536
214	663
215	20
215	215
215	716
216	216
216	467
217	217
217	455
217	942
218	218
218	496
218	644
219	219
219	669
219	696
220	220
220	488
220	931
221	221
221	858
222	21
222	134
222	222
222	336
222	781
223	223
223	577
223	734
224	224
224	638
225	22
225	225
225	556
225	644
226	226
226	323
226	503
227	183
227	227
228	228
228	995
229	229
229	667
230	230
230	976
231	231
231	964
232	232
232	432
232	453
233	233
233	794
234	103
234	136
234	151
234	234
234	409
234	448
234	637
234	655
234	714
234	725
234	818
235	235
235	245
235	362
236	236
236	738
236	933
237	237
237	301
237	950
238	11
238	238
238	358
239	62
239	239
240	45
240	240
240	979
241	38
241	241
242	242
242	351
242	448
242	710
243	106
243	122
243	243
243	489
243	622
243	787
243	914
243	998
244	244
244	413
245	158
245	244
245	245
245	947
246	246
246	789
247	53
247	247
248	248
248	547
249	34
249	249
249	915
250	130
250	250
250	390
250	633
251	136
251	251
252	252
252	360
252	777
253	163
253	253
253	784
254	254
254	696
254	843
254	852
255	255
255	493
255	788
256	256
256	563
257	257
257	296
258	82
258	258
258	571
259	103
259	259
260	154
260	260
261	261
261	438
262	262
262	462
263	263
263	484
264	264
264	713
265	237
265	265
265	503
265	876
265	930
265	981
266	266
266	627
267	267
267	460
268	268
268	640
269	251
269	269
269	343
270	17
270	270
270	372
271	271
271	588
272	272
272	369
273	273
273	552
273	762
274	274
274	315
275	275
275	672
276	276
276	959
277	277
277	587
278	218
278	278
278	928
279	93
279	279
280	280
280	896
281	281
281	855
282	102
282	282
283	232
283	283
283	314
283	613
283	984
284	19
284	284
284	654
284	732
284	824
284	827
285	285
285	997
286	185
286	286
286	555
286	655
286	729
286	797
287	287
287	778
288	288
288	527
289	165
289	285
289	289
290	157
290	290
290	349
291	291
291	791
292	292
292	424
293	141
293	293
293	812
293	868
294	294
294	422
294	741
294	780
295	295
295	449
295	751
296	296
296	539
296	542
297	297
297	381
298	214
298	222
298	298
298	512
299	299
299	359
299	834
299	968
300	300
300	793
301	301
301	610
302	147
302	302
303	222
303	303
304	155
304	304
304	663
305	139
305	305
306	306
306	649
307	241
307	307
307	538
308	308
308	534
309	253
309	309
309	553
310	127
310	310
311	100
311	300
311	311
311	650
311	971
312	291
312	312
312	609
312	882
313	313
313	586
314	161
314	314
314	765
315	315
315	436
315	811
316	316
316	967
317	317
317	891
318	318
318	411
319	94
319	319
319	842
320	126
320	320
320	816
320	896
321	321
321	994
322	322
322	692
322	901
323	323
323	476
323	564
323	784
323	912
323	930
324	324
324	579
325	140
325	325
326	326
326	885
327	327
327	627
328	328
328	349
329	329
329	739
329	840
330	12
330	149
330	330
330	527
331	331
331	887
332	199
332	332
333	333
333	372
334	334
334	776
335	335
335	449
335	461
336	336
336	545
337	337
337	439
338	259
338	338
338	479
338	821
339	232
339	339
339	444
340	57
340	211
340	340
340	354
340	845
341	341
341	437
341	749
341	825
342	235
342	285
342	303
342	309
342	342
342	343
342	497
342	532
342	559
342	566
342	785
342	828
342	927
343	33
343	343
344	344
344	718
345	159
345	345
345	886
346	145
346	346
347	298
347	347
348	348
348	424
348	761
349	178
349	288
349	349
350	212
350	350
351	351
351	408
351	724
352	352
352	703
353	79
353	302
353	321
353	353
354	206
354	354
354	647
355	179
355	355
356	356
356	691
357	18
357	357
358	98
358	101
358	342
358	358
358	454
358	658
358	892
358	912
359	332
359	359
359	451
359	607
359	898
359	976
360	274
360	360
360	584
361	298
361	361
361	568
361	574
361	699
362	35
362	362
362	425
362	511
362	848
363	49
363	220
363	363
363	426
363	428
363	565
363	617
363	631
363	705
363	845
363	879
363	932
364	81
364	364
364	518
365	365
365	695
365	871
366	366
366	974
367	289
367	367
368	368
368	576
369	198
369	369
370	370
370	857
370	913
371	65
371	130
371	371
372	372
372	451
373	373
373	837
374	374
374	483
375	125
375	375
375	494
376	330
376	376
377	198
377	377
377	592
378	181
378	365
378	378
379	379
379	704
380	380
380	600
381	28
381	379
381	381
381	721
382	382
382	602
382	648
383	272
383	383
383	919
384	384
384	539
385	385
385	470
385	698
386	386
386	675
387	169
387	387
388	93
388	388
389	389
389	847
390	390
390	487
391	391
391	457
392	300
392	392
392	766
393	393
393	958
394	394
394	516
395	68
395	395
396	138
396	396
397	273
397	397
398	398
398	719
399	399
399	707
399	978
400	400
400	464
401	401
401	639
401	866
402	402
402	439
403	403
403	540
403	616
403	622
403	640
403	692
403	830
404	67
404	325
404	404
404	540
405	405
405	775
406	406
406	819
407	407
407	970
408	408
408	420
409	32
409	409
410	410
410	991
411	14
411	411
412	141
412	393
412	412
413	129
413	413
413	847
414	5
414	12
414	23
414	72
414	109
414	121
414	138
414	148
414	154
414	177
414	186
414	190
414	191
414	203
414	217
414	243
414	247
414	252
414	274
414	297
414	310
414	322
414	333
414	335
414	341
414	392
414	414
414	416
414	446
414	459
414	500
414	515
414	581
414	618
414	639
414	653
414	680
414	689
414	691
414	712
414	751
414	782
414	793
414	807
414	812
414	813
414	878
414	895
414	925
414	952
414	980
415	345
415	415
416	416
416	741
417	417
417	427
417	636
418	418
418	614
419	419
419	800
420	346
420	420
421	395
421	421
421	597
421	621
422	9
422	287
422	422
423	423
423	560
423	795
423	800
424	101
424	240
424	398
424	424
424	529
424	903
424	956
425	26
425	425
425	881
425	919
426	64
426	97
426	426
427	133
427	427
428	356
428	428
429	429
429	792
430	27
430	247
430	430
431	431
431	864
431	871
432	432
432	524
433	433
433	740
433	852
434	21
434	434
435	16
435	325
435	435
435	543
436	4
436	436
437	338
437	437
437	654
438	438
438	635
438	776
439	174
439	439
439	752
440	440
440	458
441	11
441	15
441	144
441	238
441	419
441	441
441	490
441	889
442	40
442	149
442	442
443	353
443	443
444	15
444	269
444	444
445	445
445	487
446	306
446	446
446	755
447	82
447	447
448	448
448	597
449	296
449	449
450	450
450	719
450	940
451	178
451	400
451	451
452	452
452	668
453	171
453	187
453	406
453	433
453	453
453	653
453	936
454	3
454	454
455	140
455	455
455	528
455	796
456	32
456	309
456	456
456	835
457	389
457	457
457	462
458	106
458	458
459	244
459	326
459	459
459	496
459	664
459	909
460	258
460	265
460	460
460	942
461	461
461	578
462	462
462	904
463	410
463	463
463	666
464	464
464	966
464	982
465	254
465	465
465	807
466	173
466	258
466	466
466	505
466	744
466	766
466	887
467	243
467	467
468	468
468	877
469	188
469	404
469	469
469	599
469	625
469	895
470	54
470	470
470	603
470	759
470	767
471	471
471	955
472	472
472	972
473	142
473	473
474	182
474	474
475	215
475	445
475	475
476	77
476	476
476	677
476	953
477	170
477	477
478	34
478	478
478	975
479	60
479	283
479	402
479	479
479	853
479	863
479	948
480	127
480	480
480	499
480	589
480	750
481	481
481	755
481	916
482	1
482	61
482	482
483	54
483	483
483	596
483	657
483	897
484	484
484	882
485	485
485	595
486	486
486	937
487	308
487	487
487	685
488	118
488	488
489	489
489	843
490	13
490	471
490	490
491	491
491	594
491	763
492	292
492	492
493	128
493	493
494	494
494	601
494	753
495	495
495	582
496	496
496	643
496	861
497	116
497	497
497	551
498	498
498	798
499	236
499	499
500	304
500	500
500	694
501	65
501	501
502	502
502	718
502	994
503	404
503	503
504	504
504	510
504	557
505	505
505	835
506	264
506	506
506	626
506	989
507	87
507	507
508	508
508	693
508	892
509	509
509	549
509	732
510	510
510	744
510	809
511	511
511	513
512	346
512	512
512	996
513	513
513	571
514	514
514	688
514	760
515	508
515	515
516	224
516	516
516	814
517	148
517	517
518	62
518	157
518	189
518	431
518	485
518	518
518	985
519	518
519	519
520	230
520	520
520	893
521	521
521	806
522	110
522	522
523	523
523	566
524	229
524	246
524	268
524	271
524	294
524	413
524	469
524	495
524	500
524	524
524	771
524	790
524	828
524	867
524	967
525	26
525	525
525	641
526	526
526	929
526	999
527	527
527	531
527	569
528	528
528	735
529	330
529	529
530	30
530	530
531	152
531	220
531	531
532	119
532	532
533	260
533	474
533	533
533	984
534	253
534	534
534	713
534	874
535	193
535	512
535	535
536	105
536	536
537	537
537	722
538	186
538	210
538	538
539	144
539	539
539	839
539	944
540	379
540	540
541	541
541	962
542	437
542	542
542	783
542	939
543	268
543	403
543	543
543	890
544	55
544	105
544	507
544	544
545	545
545	867
546	546
546	779
547	184
547	547
547	846
548	548
548	659
548	954
549	114
549	294
549	549
550	362
550	550
550	683
550	687
551	551
551	642
552	184
552	410
552	552
552	656
553	280
553	553
553	659
554	551
554	554
554	563
555	555
555	605
556	74
556	152
556	347
556	445
556	556
556	885
557	557
557	891
558	558
558	593
559	225
559	559
559	669
560	481
560	560
561	561
561	965
562	562
562	666
563	371
563	563
564	73
564	284
564	290
564	564
564	567
564	768
564	888
564	941
565	565
565	915
566	27
566	332
566	566
566	600
566	670
566	717
566	761
566	832
566	913
567	397
567	567
567	585
568	126
568	206
568	568
569	18
569	569
570	570
570	949
571	200
571	571
572	143
572	435
572	572
572	789
573	573
573	726
573	786
574	248
574	489
574	574
575	112
575	324
575	575
576	576
576	709
577	577
577	917
578	44
578	66
578	79
578	92
578	112
578	273
578	304
578	320
578	355
578	438
578	452
578	456
578	525
578	538
578	542
578	578
578	585
578	612
578	613
578	616
578	658
578	664
578	671
578	674
578	677
578	714
578	737
578	746
578	786
578	798
578	899
578	909
578	935
578	951
579	380
579	579
580	580
580	928
581	488
581	581
582	414
582	582
583	86
583	217
583	583
583	631
584	584
584	983
585	585
585	703
586	508
586	586
586	630
587	321
587	401
587	587
588	588
588	792
589	320
589	589
589	924
590	5
590	279
590	478
590	590
591	502
591	591
592	293
592	366
592	592
593	384
593	593
594	520
594	594
595	58
595	59
595	522
595	532
595	595
595	728
596	85
596	175
596	596
597	278
597	597
598	598
598	874
599	202
599	599
600	204
600	600
601	35
601	601
602	280
602	485
602	602
602	628
603	495
603	603
604	604
604	905
605	84
605	605
605	849
606	442
606	499
606	606
606	872
606	908
606	997
607	607
607	822
608	504
608	608
608	775
608	880
609	256
609	609
610	150
610	610
611	328
611	611
612	83
612	612
612	619
613	613
613	876
614	614
614	819
615	419
615	477
615	615
616	615
616	616
617	617
617	704
618	170
618	618
619	619
619	920
620	334
620	472
620	620
621	208
621	621
622	497
622	523
622	622
622	851
622	884
622	955
622	991
623	617
623	623
624	41
624	196
624	624
624	773
624	920
625	299
625	625
626	498
626	626
627	469
627	627
628	592
628	628
629	314
629	393
629	629
629	697
630	347
630	580
630	630
630	725
630	799
630	899
631	242
631	631
632	632
632	936
633	633
633	970
634	591
634	634
634	770
635	635
635	717
635	972
636	386
636	636
636	990
637	637
637	801
638	78
638	282
638	396
638	450
638	621
638	638
638	923
639	375
639	632
639	639
640	281
640	494
640	640
641	459
641	641
642	504
642	642
643	102
643	115
643	643
644	368
644	644
645	61
645	70
645	94
645	137
645	143
645	146
645	245
645	324
645	327
645	381
645	384
645	417
645	515
645	645
645	883
646	221
646	646
646	943
647	534
647	647
648	190
648	648
648	667
649	595
649	649
650	556
650	650
651	109
651	651
651	737
652	87
652	311
652	652
652	988
653	68
653	530
653	653
653	742
653	985
654	123
654	610
654	654
654	916
655	7
655	414
655	655
655	711
655	760
656	48
656	52
656	128
656	207
656	242
656	317
656	389
656	394
656	425
656	446
656	537
656	546
656	554
656	645
656	656
656	850
656	932
656	952
657	315
657	657
658	96
658	169
658	344
658	658
658	795
658	856
659	83
659	197
659	336
659	478
659	659
660	647
660	660
661	514
661	546
661	661
661	840
661	889
661	900
662	662
662	799
663	348
663	415
663	663
664	193
664	664
664	982
665	665
665	790
665	869
666	351
666	666
667	370
667	667
667	850
668	668
668	686
669	38
669	180
669	270
669	645
669	669
669	813
669	911
670	182
670	670
670	791
671	189
671	671
671	698
671	803
672	119
672	672
672	827
673	255
673	673
674	235
674	420
674	674
675	675
675	748
675	781
676	453
676	559
676	676
677	95
677	677
677	763
678	468
678	678
679	490
679	575
679	679
680	71
680	680
681	251
681	398
681	681
682	176
682	682
683	287
683	683
684	513
684	650
684	678
684	684
685	16
685	529
685	685
686	284
686	686
687	151
687	458
687	687
688	688
688	712
689	492
689	689
690	84
690	690
691	691
691	768
692	167
692	447
692	692
693	46
693	693
693	747
694	124
694	219
694	316
694	694
694	716
695	695
695	746
696	696
696	883
697	180
697	697
698	407
698	698
699	526
699	699
700	67
700	99
700	150
700	205
700	266
700	286
700	299
700	368
700	374
700	482
700	561
700	590
700	700
700	764
700	811
700	823
700	846
700	854
700	947
700	965
701	701
701	859
702	111
702	137
702	364
702	465
702	702
702	802
703	703
703	875
704	396
704	704
705	580
705	705
706	375
706	706
707	132
707	297
707	707
707	709
708	333
708	708
709	411
709	709
709	758
710	710
710	873
711	711
711	869
712	116
712	712
712	849
713	63
713	75
713	117
713	475
713	603
713	713
713	956
714	405
714	714
714	774
715	715
715	879
716	716
716	833
716	836
717	717
717	821
718	37
718	718
719	231
719	719
719	824
720	267
720	720
721	261
721	721
722	147
722	223
722	288
722	701
722	722
723	401
723	723
724	6
724	724
724	833
725	160
725	239
725	676
725	725
726	726
726	870
727	550
727	727
728	214
728	722
728	728
729	278
729	415
729	729
730	412
730	730
731	305
731	731
731	993
732	481
732	732
733	733
733	764
734	734
734	926
735	173
735	593
735	633
735	735
735	861
736	577
736	736
737	474
737	705
737	737
738	326
738	738
739	739
739	753
740	355
740	678
740	740
741	312
741	741
742	681
742	742
743	548
743	743
744	609
744	744
745	745
745	808
746	746
746	794
747	747
747	959
748	723
748	748
749	167
749	648
749	749
750	308
750	750
751	751
751	805
751	826
752	742
752	752
753	257
753	753
754	754
754	785
755	679
755	755
756	694
756	756
757	114
757	230
757	428
757	757
757	926
758	475
758	758
759	194
759	239
759	759
760	665
760	760
761	427
761	761
762	541
762	628
762	762
762	971
763	367
763	763
764	757
764	764
765	455
765	765
765	829
766	223
766	406
766	766
767	767
767	872
767	961
768	385
768	768
769	620
769	769
770	196
770	340
770	770
771	55
771	623
771	771
771	940
772	457
772	772
773	418
773	773
774	726
774	774
775	775
775	906
776	30
776	113
776	224
776	558
776	561
776	740
776	776
777	194
777	777
778	303
778	778
779	715
779	779
780	0
780	279
780	780
781	388
781	781
782	310
782	493
782	564
782	567
782	782
783	783
783	832
784	646
784	784
784	816
785	501
785	785
786	679
786	730
786	786
787	254
787	787
788	774
788	788
789	685
789	789
790	442
790	790
790	815
791	357
791	791
792	51
792	792
793	624
793	793
794	219
794	569
794	794
795	272
795	795
796	99
796	582
796	728
796	796
797	13
797	797
797	945
798	430
798	798
799	8
799	56
799	131
799	161
799	281
799	430
799	533
799	799
799	904
800	49
800	800
801	594
801	801
802	586
802	802
802	862
803	36
803	574
803	803
804	684
804	804
805	275
805	805
805	894
806	277
806	715
806	806
807	637
807	807
808	212
808	711
808	808
809	48
809	142
809	464
809	480
809	525
809	537
809	606
809	797
809	809
809	962
809	973
809	979
810	674
810	801
810	810
811	131
811	811
811	968
812	66
812	88
812	812
813	266
813	813
814	814
814	924
814	993
815	765
815	815
816	36
816	816
816	890
816	923
817	440
817	817
817	986
818	171
818	730
818	818
819	623
819	819
820	317
820	820
821	523
821	821
822	86
822	822
822	977
823	312
823	646
823	823
824	221
824	248
824	824
825	166
825	825
826	826
826	973
827	24
827	827
828	100
828	828
829	227
829	731
829	829
830	76
830	830
831	483
831	831
832	832
832	931
833	0
833	833
834	168
834	834
835	835
835	893
836	638
836	836
837	262
837	837
837	902
838	158
838	164
838	172
838	306
838	743
838	780
838	838
839	839
839	992
840	328
840	589
840	840
841	682
841	841
842	706
842	842
843	88
843	636
843	745
843	843
844	733
844	844
844	907
845	159
845	473
845	733
845	777
845	845
846	124
846	146
846	846
847	767
847	847
847	865
847	961
848	76
848	848
848	922
849	20
849	720
849	849
850	697
850	850
851	311
851	851
852	292
852	852
853	23
853	422
853	492
853	806
853	853
853	946
854	42
854	708
854	854
855	201
855	855
856	188
856	350
856	441
856	516
856	815
856	856
857	51
857	857
858	215
858	858
859	662
859	859
860	153
860	860
861	340
861	373
861	861
862	599
862	862
863	409
863	863
864	216
864	864
865	302
865	865
866	378
866	866
866	974
867	491
867	552
867	867
868	868
868	925
869	364
869	869
870	624
870	870
871	688
871	871
872	602
872	872
872	950
873	162
873	873
874	576
874	874
875	506
875	661
875	875
876	135
876	545
876	876
877	228
877	382
877	391
877	461
877	573
877	619
877	689
877	877
878	371
878	878
879	528
879	604
879	879
879	918
880	511
880	880
881	484
881	509
881	881
882	72
882	882
883	883
883	938
884	344
884	734
884	884
885	399
885	735
885	885
886	590
886	772
886	836
886	886
886	995
887	887
887	996
888	177
888	265
888	588
888	888
889	42
889	367
889	889
890	477
890	607
890	890
891	443
891	620
891	891
892	608
892	810
892	892
892	897
893	166
893	893
894	519
894	894
895	665
895	673
895	895
896	226
896	896
897	211
897	897
898	69
898	233
898	517
898	587
898	898
898	953
899	227
899	337
899	357
899	899
900	604
900	900
901	29
901	263
901	901
902	902
902	989
903	43
903	307
903	903
903	943
903	951
903	963
904	319
904	904
905	757
905	905
906	329
906	906
907	264
907	907
908	894
908	908
909	417
909	909
910	699
910	910
910	929
911	388
911	911
912	305
912	912
913	213
913	913
914	115
914	914
915	174
915	915
916	468
916	721
916	916
917	817
917	917
918	914
918	918
919	390
919	919
920	89
920	817
920	920
921	192
921	782
921	921
922	618
922	738
922	922
923	611
923	923
923	969
924	323
924	924
925	360
925	925
926	926
926	941
927	228
927	263
927	927
928	857
928	928
929	29
929	554
929	778
929	929
930	596
930	930
931	241
931	931
932	156
932	932
933	19
933	933
934	771
934	844
934	934
935	91
935	252
935	935
936	359
936	936
937	156
937	342
937	385
937	501
937	937
938	122
938	938
938	960
939	683
939	939
940	387
940	940
941	210
941	549
941	702
941	941
942	17
942	570
942	729
942	942
943	4
943	50
943	165
943	257
943	329
943	376
943	514
943	558
943	642
943	804
943	921
943	943
943	987
944	168
944	605
944	944
945	873
945	945
946	163
946	295
946	946
947	465
947	831
947	841
947	947
948	374
948	948
949	271
949	949
950	95
950	950
951	14
951	951
952	366
952	581
952	952
953	418
953	953
954	164
954	327
954	954
955	307
955	955
956	370
956	429
956	956
957	957
957	992
958	356
958	958
959	675
959	756
959	959
960	31
960	63
960	354
960	670
960	960
961	408
961	961
962	96
962	962
963	334
963	963
964	865
964	964
965	572
965	965
966	249
966	948
966	966
967	957
967	967
968	676
968	968
969	286
969	963
969	969
970	276
970	486
970	826
970	970
971	358
971	971
972	53
972	972
973	234
973	973
974	353
974	386
974	452
974	598
974	969
974	974
975	668
975	975
976	339
976	976
977	870
977	977
978	957
978	978
978	987
979	550
979	749
979	979
980	233
980	301
980	482
980	980
981	579
981	981
982	673
982	982
983	238
983	983
984	770
984	984
985	382
985	450
985	985
986	723
986	986
987	291
987	680
987	987
988	59
988	888
988	988
989	225
989	989
990	207
990	990
991	319
991	991
992	938
992	992
993	129
993	842
993	993
994	195
994	994
995	380
995	995
996	270
996	996
997	134
997	209
997	848
997	881
997	997
998	339
998	570
998	998
999	195
999	201
999	632
999	999
