# graph
# Nodes: 3000
# NodeId	NodeId
0	0
0	172
0	448
0	1911
0	2618
1	1
1	2255
2	2
2	2210
3	3
3	2948
4	4
4	14
5	5
5	197
5	201
5	781
5	968
5	1717
5	2743
6	6
6	129
6	1565
7	7
7	1147
7	2530
8	8
8	607
8	2858
9	9
9	531
9	843
9	2056
10	10
10	1017
10	1084
11	11
11	1406
12	12
12	2950
13	13
13	857
13	1553
14	14
14	1388
15	15
15	1545
16	16
16	716
17	17
17	1397
18	18
18	435
18	1105
19	19
19	2139
20	20
20	955
20	1624
21	21
21	2295
21	2651
22	22
22	100
23	23
23	2291
24	24
24	2165
25	25
25	469
25	1645
25	2719
26	26
26	1059
27	27
27	2596
28	28
28	645
28	1986
29	29
29	373
29	2328
29	2564
30	30
30	2524
31	31
31	868
31	1158
32	2
32	32
33	33
33	1830
34	34
34	1171
34	1645
35	35
35	2957
36	36
36	847
36	2346
36	2434
37	37
37	1437
37	2861
38	38
38	951
39	39
39	748
39	1275
40	40
40	2449
41	41
41	2020
42	42
42	1805
42	1955
43	43
43	142
43	896
44	44
44	258
44	676
44	1509
45	45
45	69
46	46
46	1616
46	2911
47	47
47	2266
48	48
48	2753
49	49
49	1491
50	50
50	2241
51	51
51	2963
52	52
52	1720
53	53
53	404
53	1857
53	2289
53	2328
54	54
54	180
54	1209
54	2230
54	2581
54	2728
54	2850
55	55
55	570
55	854
55	1025
55	2497
56	56
56	742
56	1370
57	57
57	2695
58	58
58	1885
58	2931
59	59
59	2081
59	2916
60	60
60	730
61	61
61	1856
62	62
62	581
63	63
63	747
64	64
64	2447
65	65
65	1552
66	66
66	1587
67	67
67	1876
68	48
68	68
68	176
68	644
68	650
68	785
68	1084
68	1135
68	1360
68	1564
68	1595
68	1640
68	1666
68	1974
68	2116
68	2138
68	2199
68	2239
68	2341
68	2485
68	2503
68	2568
68	2835
68	2899
68	2901
69	69
69	2998
70	70
70	338
71	71
71	2746
72	72
72	1506
73	27
73	73
74	74
74	2041
75	75
75	1282
75	2749
76	76
76	2196
77	77
77	275
77	571
77	732
77	802
77	952
77	1851
77	2999
78	78
78	344
79	79
79	1143
79	1495
80	80
80	2559
81	81
81	1626
82	82
82	1711
83	83
83	1122
84	51
84	84
84	357
85	85
85	1402
86	86
86	1658
86	2667
87	87
87	1846
88	88
88	2378
89	89
89	1403
90	90
90	1139
90	2807
91	91
91	769
92	92
92	2796
93	93
93	766
94	94
94	2554
95	95
95	2312
96	96
96	1376
96	2288
97	97
97	602
98	98
98	220
98	280
98	783
98	1057
98	1302
98	1471
98	1631
98	1745
98	2066
98	2067
98	2282
98	2952
99	99
99	640
100	100
100	725
100	1371
100	2659
101	101
101	1521
102	102
102	867
103	103
103	794
103	2883
104	104
104	1002
104	2573
105	105
105	536
106	106
106	2357
106	2564
107	107
107	689
107	2317
108	108
108	1326
108	2145
109	109
109	208
110	110
110	572
110	2100
111	111
111	962
111	2900
111	2922
111	2936
112	112
112	1092
112	1957
113	113
113	669
113	2925
114	114
114	965
114	2477
115	115
115	453
116	72
116	116
117	117
117	2021
118	118
118	1405
118	1755
118	1968
119	119
119	1075
120	120
120	1014
120	1159
121	121
121	718
122	122
122	2145
123	123
123	630
124	124
124	1855
125	125
125	216
126	126
126	2153
127	127
127	1581
127	2075
127	2277
128	115
128	128
128	2437
129	129
129	1019
130	119
130	130
130	1565
131	131
131	2386
132	132
132	757
132	2376
133	133
133	390
134	134
134	1589
135	135
135	1487
136	136
136	1810
137	137
137	1816
138	138
138	1538
139	139
139	653
140	140
140	663
141	141
141	1160
142	142
142	2408
142	2729
142	2828
143	143
143	314
143	1935
143	2007
144	144
144	428
144	1066
145	145
145	695
146	146
146	2546
147	147
147	1299
147	2155
148	148
148	823
148	1032
148	1839
149	149
149	590
150	150
150	542
150	1694
151	151
151	2558
152	152
152	527
153	153
153	2386
153	2413
154	101
154	154
154	541
154	2956
155	155
155	691
155	1960
155	2500
155	2819
156	156
156	666
156	2865
157	157
157	1489
157	2903
158	158
158	193
159	159
159	1250
159	2210
160	160
160	457
160	935
160	1363
161	161
161	888
161	1671
162	162
162	1298
163	163
163	1895
163	2536
163	2774
164	53
164	164
165	165
165	2717
166	54
166	166
166	1027
166	1190
166	1880
166	2043
166	2060
166	2407
166	2669
166	2846
167	167
167	1742
168	168
168	1215
169	162
169	169
170	170
170	647
170	1316
170	1328
171	171
171	2951
172	172
172	2132
173	30
173	173
173	2147
174	174
174	2447
175	175
175	269
175	379
175	593
175	601
175	1050
175	1065
175	1148
175	1500
175	1728
175	2077
175	2553
175	2655
175	2740
175	2855
176	176
176	1486
176	2138
177	177
177	667
177	2884
178	178
178	2364
179	179
179	824
179	1279
180	180
180	715
181	181
181	1175
182	182
182	569
183	183
183	1085
183	2085
184	36
184	184
184	971
185	185
185	1127
186	186
186	2484
187	187
187	1723
187	2518
187	2643
188	188
188	852
188	1862
189	189
189	1731
190	190
190	413
190	1764
191	191
191	1017
191	1206
192	192
192	1498
192	1879
193	140
193	193
193	2766
194	4
194	194
194	2947
195	195
195	1593
195	2305
196	196
196	655
196	2394
197	197
197	932
197	1415
198	198
198	1559
199	199
199	573
199	2382
200	200
200	239
201	201
201	1442
202	202
202	1668
202	1753
203	203
203	333
203	595
203	820
204	204
204	1807
204	2167
205	205
205	1018
205	2017
206	206
206	1352
206	1402
206	1703
206	1933
206	2005
207	207
207	961
207	2720
208	208
208	1557
209	209
209	265
209	510
210	189
210	210
210	2013
211	170
211	211
212	212
212	1076
213	213
213	979
213	2198
213	2910
214	214
214	354
215	215
215	1577
216	216
216	420
216	651
217	217
217	548
217	2203
218	24
218	126
218	192
218	218
218	778
218	1325
219	219
219	2249
220	220
220	842
220	2027
221	221
221	2168
222	222
222	1811
223	223
223	2439
224	224
224	1617
225	225
225	230
225	1703
226	226
226	632
226	1108
227	217
227	227
227	369
228	228
228	2456
229	45
229	229
229	319
230	230
230	271
231	231
231	872
231	1307
231	1458
231	2176
231	2429
232	232
232	2863
233	233
233	1455
233	2011
234	234
234	2293
235	235
235	1892
236	236
236	2365
237	237
237	1211
238	238
238	1213
238	2490
239	239
239	1776
239	2062
240	240
240	986
240	1663
241	241
241	570
241	1363
241	1824
241	2906
242	242
242	1123
243	243
243	324
244	244
244	1854
244	2258
245	245
245	845
245	1872
245	2539
246	126
246	246
246	1579
246	2508
247	204
247	247
247	2034
247	2832
248	248
248	1660
249	249
249	2790
250	250
250	1362
250	1399
250	1613
251	196
251	251
251	400
252	252
252	2033
252	2466
253	253
253	586
253	587
254	254
254	560
254	2660
255	255
255	1043
255	1169
255	2474
256	256
256	1271
257	257
257	375
258	258
258	1296
259	259
259	429
260	260
260	2530
261	261
261	2049
261	2775
262	262
262	1680
262	2663
263	263
263	2874
263	2930
264	264
264	311
265	265
265	493
266	266
266	1207
266	2519
266	2772
267	267
267	2046
267	2683
268	268
268	2527
269	52
269	269
269	505
269	975
270	270
270	315
271	207
271	255
271	271
271	1551
272	272
272	449
273	273
273	710
273	2150
274	8
274	23
274	274
274	298
274	514
274	579
274	861
274	985
274	1569
274	1605
274	1631
274	1764
274	1783
274	1896
274	2091
274	2227
274	2492
274	2576
274	2914
274	2977
275	275
275	370
275	1771
276	276
276	2348
276	2406
277	76
277	277
277	1359
277	1393
277	2928
278	278
278	1504
279	55
279	279
279	1576
279	2476
280	280
280	2732
281	281
281	322
281	457
281	1024
281	1219
281	1647
281	1674
281	1797
281	2420
281	2716
281	2958
282	282
282	1903
283	283
283	499
284	284
284	2783
285	75
285	285
285	1478
285	1656
286	286
286	2362
287	287
287	2356
288	188
288	288
288	345
288	755
288	1021
288	1441
288	1884
288	1927
288	1941
288	1988
288	2214
288	2275
288	2496
288	2713
288	2738
288	2902
289	289
289	1600
290	290
290	1068
291	291
291	1868
292	292
292	2252
293	293
293	589
294	46
294	294
294	754
295	295
295	1145
295	1236
295	2064
296	296
296	2914
296	2980
297	17
297	297
298	298
298	1075
298	1801
299	299
299	602
299	803
300	300
300	735
301	167
301	301
301	736
302	302
302	1850
303	85
303	303
303	1773
304	304
304	345
304	1285
304	1626
304	2050
304	2178
304	2739
305	305
305	895
306	52
306	306
306	321
306	849
306	1774
306	1862
307	307
307	2871
308	308
308	1820
309	309
309	2234
310	310
310	2716
311	311
311	1331
312	312
312	1384
313	313
313	1842
314	314
314	643
314	1051
314	2062
314	2673
314	2720
314	2860
315	315
315	1736
316	316
316	763
317	317
317	628
317	2694
318	318
318	1128
319	319
319	924
320	320
320	1647
321	321
321	1151
321	2734
322	322
322	1612
323	323
323	1420
323	1429
323	1676
323	2030
323	2101
324	324
324	2521
325	325
325	954
325	1822
326	145
326	326
327	327
327	1172
328	328
328	2916
329	210
329	329
329	1977
330	330
330	683
330	1195
330	1802
330	2160
330	2502
331	331
331	759
332	332
332	2307
333	333
333	620
334	334
334	775
334	1709
335	335
335	1286
335	1597
336	336
336	813
336	1217
336	1999
336	2281
337	337
337	1837
338	338
338	1169
339	339
339	1499
339	2367
340	340
340	2575
341	341
341	2004
341	2660
342	342
342	2814
343	343
343	2235
344	66
344	344
345	345
345	1798
345	2604
346	346
346	655
346	1414
347	347
347	1697
348	348
348	623
349	349
349	745
350	350
350	2154
351	160
351	351
351	2223
352	352
352	2349
353	125
353	353
353	581
353	1274
353	1302
354	354
354	2200
354	2347
355	355
355	1101
356	187
356	356
357	357
357	2242
358	358
358	807
359	359
359	930
359	2477
359	2896
360	360
360	1104
360	2678
361	361
361	699
362	362
362	2335
363	363
363	2879
364	364
364	374
364	2475
365	365
365	419
365	2332
365	2395
366	366
366	547
366	610
367	341
367	367
368	368
368	1292
369	369
369	1990
370	370
370	385
370	1617
371	371
371	1392
371	2794
372	372
372	564
373	156
373	373
373	2071
374	374
374	1171
375	375
375	2455
376	355
376	376
377	377
377	642
378	378
378	2240
379	379
379	2352
380	380
380	1594
381	22
381	248
381	381
381	2030
381	2349
382	382
382	732
382	2646
382	2986
383	383
383	1638
384	384
384	2232
385	385
385	664
386	386
386	896
387	387
387	2705
388	388
388	924
389	389
389	1392
390	390
390	1676
390	1716
391	391
391	2310
392	144
392	392
393	393
393	913
394	394
394	2470
395	395
395	1134
395	2308
395	2334
395	2802
396	396
396	2221
397	397
397	2536
398	232
398	398
399	399
399	2239
400	400
400	546
400	673
400	718
400	990
400	1269
400	1692
400	1959
400	1966
400	2007
400	2144
401	401
401	405
402	402
402	1333
402	2392
402	2512
403	403
403	2493
404	404
404	2583
405	405
405	525
406	406
406	2124
407	117
407	407
408	21
408	408
409	409
409	519
409	903
409	1121
409	2350
410	228
410	410
410	1044
410	2756
411	411
411	2195
412	412
412	1794
413	413
413	1350
413	1377
414	414
414	1094
414	2908
415	415
415	2513
415	2755
416	416
416	625
416	744
416	1390
416	1891
417	22
417	417
417	1146
417	2393
417	2479
417	2708
418	418
418	1506
419	419
419	855
419	2389
420	185
420	420
420	488
420	1522
421	391
421	421
422	422
422	665
422	812
422	1300
423	47
423	423
423	1609
423	2921
424	424
424	822
424	1041
425	425
425	471
426	426
426	1962
427	427
427	2937
428	428
428	1385
429	429
429	1515
430	395
430	430
430	1763
431	431
431	725
432	388
432	432
432	1705
433	433
433	2904
434	434
434	1192
435	435
435	2110
436	436
436	804
437	82
437	437
437	2398
437	2727
438	259
438	438
438	1458
439	439
439	795
439	2878
440	440
440	479
440	670
440	1661
440	2185
440	2215
441	441
441	2566
442	442
442	871
442	2972
443	443
443	456
443	603
443	2435
443	2928
444	444
444	958
445	445
445	1073
445	1497
445	2895
446	372
446	446
446	1867
447	148
447	447
448	448
448	902
448	1443
449	263
449	449
449	1124
450	450
450	617
451	451
451	2647
451	2829
452	452
452	1644
452	2938
453	453
453	574
454	454
454	1413
455	455
455	1007
456	206
456	456
457	457
457	2454
458	458
458	1861
458	2159
459	459
459	2785
460	460
460	1165
461	461
461	1121
462	462
462	2927
463	26
463	42
463	463
463	2294
463	2467
464	464
464	703
465	465
465	2217
466	466
466	1885
467	467
467	2929
468	468
468	2802
469	469
469	1969
470	470
470	1397
471	471
471	1571
472	472
472	1889
473	29
473	153
473	473
474	474
474	1266
475	475
475	828
475	1462
476	476
476	847
477	477
477	2366
477	2632
478	225
478	478
478	1692
478	2301
479	479
479	1344
480	302
480	403
480	480
480	1323
481	481
481	637
482	59
482	482
483	483
483	1006
484	184
484	484
485	139
485	485
485	2169
485	2422
485	2622
486	116
486	122
486	145
486	328
486	431
486	486
486	495
486	506
486	721
486	976
486	1157
486	1588
486	2054
486	2068
486	2117
486	2193
486	2197
486	2293
486	2558
486	2595
486	2634
486	2657
486	2791
486	2836
487	487
487	1587
488	242
488	488
488	1045
489	489
489	697
489	1163
489	1953
490	490
490	2580
491	168
491	491
492	11
492	492
493	493
493	498
494	494
494	501
494	1614
494	2230
494	2272
494	2866
495	495
495	1020
495	2205
496	496
496	575
497	497
497	2090
498	498
498	767
498	1455
499	448
499	499
500	500
500	2486
501	92
501	501
502	502
502	640
502	2745
503	503
503	1294
503	1364
503	1456
503	2769
504	504
504	782
504	810
504	2494
505	505
505	1981
506	290
506	506
507	507
507	2046
508	508
508	1896
509	40
509	509
510	510
510	1636
510	2679
511	511
511	693
512	512
512	876
512	2645
513	513
513	582
514	116
514	514
514	2734
515	330
515	515
515	1702
515	2504
516	516
516	911
516	920
516	992
516	1791
517	517
517	1686
518	518
518	1905
518	2600
518	2792
519	519
519	2129
520	520
520	993
520	2009
521	521
521	2862
522	522
522	712
523	523
523	633
524	243
524	346
524	354
524	482
524	524
524	1072
524	1206
524	1311
524	1340
524	1919
524	1945
524	2799
524	2975
525	525
525	1207
525	2382
526	526
526	827
526	2322
527	527
527	2791
528	528
528	776
528	2971
529	529
529	2334
530	530
530	1946
531	531
531	1473
531	1840
532	532
532	2231
533	533
533	2701
534	534
534	2211
535	450
535	535
536	536
536	1555
537	537
537	595
538	258
538	538
539	539
539	1131
540	540
540	1713
541	541
541	653
541	1130
541	1182
541	2133
541	2139
541	2685
541	2735
542	542
542	591
543	543
543	1251
543	1566
544	84
544	336
544	380
544	544
544	2891
545	530
545	545
545	803
545	2002
546	546
546	1243
547	547
547	2461
548	118
548	127
548	425
548	548
548	557
548	774
548	865
548	897
548	918
548	1159
548	1634
548	1748
548	2361
548	2550
548	2617
548	2655
548	2866
548	2962
549	549
549	1658
549	2306
549	2871
550	550
550	2827
551	551
551	2878
552	552
552	2020
553	96
553	553
554	554
554	1265
555	87
555	555
555	682
556	556
556	1918
556	2409
557	557
557	1742
558	558
558	577
558	789
558	1058
559	559
559	1724
560	83
560	560
561	561
561	1013
562	239
562	562
562	837
562	2995
563	563
563	1482
563	2123
564	401
564	564
564	1276
564	1318
565	565
565	2706
566	550
566	566
567	567
567	2639
568	568
568	1541
569	416
569	569
570	194
570	570
570	2659
571	571
571	1584
572	572
572	2444
573	573
573	1567
573	2947
574	574
574	1738
575	204
575	575
576	297
576	576
576	1765
577	577
577	739
577	804
578	578
578	863
579	579
579	2204
580	580
580	1348
581	444
581	581
581	1707
582	512
582	582
583	312
583	583
583	704
583	713
583	959
583	1474
583	1634
583	1798
583	1826
583	2353
584	299
584	306
584	584
585	229
585	585
586	355
586	586
586	2978
587	587
587	2136
588	554
588	588
588	2242
589	281
589	532
589	589
589	1430
590	590
590	1191
591	591
591	1852
592	592
592	1646
593	338
593	593
594	594
594	740
595	552
595	595
596	596
596	988
596	2691
597	597
597	1869
598	598
598	2106
599	599
599	1899
600	600
600	2257
601	601
601	1200
601	2290
602	602
602	2014
603	603
603	854
603	1395
604	604
604	1073
604	2786
605	605
605	1110
606	606
606	2519
607	295
607	607
608	608
608	2234
609	609
609	616
609	2979
610	131
610	610
610	2181
611	299
611	611
612	497
612	612
612	933
612	1187
612	1288
612	1322
612	2130
612	2630
613	613
613	1720
614	614
614	922
614	1434
615	615
615	2458
616	616
616	2331
617	507
617	617
617	2120
617	2285
617	2664
618	618
618	957
618	1272
618	1452
619	90
619	619
619	770
620	620
620	1690
620	2111
621	621
621	2097
622	363
622	622
623	525
623	623
623	2284
624	624
624	2341
625	625
625	2809
626	626
626	2381
626	2410
627	15
627	627
628	628
628	1431
628	1881
629	629
629	815
629	2732
630	630
630	1186
631	631
631	817
631	1264
632	632
632	773
632	2771
633	633
633	2803
634	634
634	683
634	2897
635	635
635	1516
636	636
636	1069
636	2453
636	2503
636	2779
637	637
637	1824
637	1962
638	333
638	638
638	1904
639	639
639	2836
640	572
640	640
640	1366
640	1591
640	2213
640	2351
641	641
641	2164
642	93
642	642
643	643
643	2045
644	644
644	1877
644	2367
645	645
645	2665
646	646
646	1002
647	647
647	2223
648	68
648	648
649	118
649	554
649	649
650	650
650	2946
651	262
651	651
652	652
652	1201
653	653
653	1797
654	219
654	654
655	56
655	655
656	656
656	738
657	657
657	698
657	1975
658	658
658	2637
659	659
659	2400
660	660
660	717
660	1949
660	2413
661	661
661	2404
662	141
662	662
663	663
663	1419
663	1665
663	2677
664	664
664	2607
665	665
665	1283
666	349
666	666
666	883
666	923
666	1028
666	2943
667	667
667	2839
667	2910
668	668
668	994
668	1263
668	1613
669	669
669	1607
669	2319
670	81
670	158
670	670
671	358
671	671
672	262
672	672
672	2176
672	2510
673	77
673	673
674	674
674	2772
675	25
675	67
675	266
675	331
675	474
675	540
675	551
675	567
675	608
675	675
675	681
675	684
675	707
675	813
675	820
675	849
675	914
675	1040
675	1052
675	1129
675	1155
675	1230
675	1447
675	1621
675	1643
675	1651
675	1673
675	1761
675	2083
675	2087
675	2161
675	2171
675	2243
675	2288
675	2381
675	2923
676	179
676	676
676	1135
676	1552
676	2974
677	677
677	1807
678	678
678	2088
678	2151
678	2157
678	2313
678	2451
678	2698
679	505
679	679
679	1795
680	680
680	2465
680	2812
681	681
681	1387
682	367
682	682
682	1622
682	2338
682	2727
683	683
683	1580
684	684
684	1173
685	685
685	1751
686	281
686	686
686	1988
686	2653
686	2751
687	631
687	687
688	688
688	1920
689	689
689	1149
689	1444
689	1546
689	1740
689	1848
689	2399
689	2674
689	2969
690	690
690	2542
691	429
691	691
691	1398
692	692
692	1141
692	2370
693	693
693	1440
694	694
694	1111
694	2806
695	695
695	1257
696	218
696	696
696	742
697	697
697	1806
697	1897
697	2009
697	2135
698	698
698	1061
698	2602
699	699
699	2085
700	682
700	700
700	1011
700	1580
700	2206
701	701
701	2956
702	702
702	2736
703	135
703	427
703	703
704	704
704	1336
705	198
705	705
705	2379
705	2549
705	2701
705	2776
706	706
706	1615
707	707
707	1090
708	708
708	1931
708	2134
709	709
709	2245
710	710
710	981
711	711
711	2405
712	712
712	2274
713	713
713	2209
714	440
714	714
715	715
715	2966
716	217
716	716
717	717
717	2534
718	718
718	2983
719	719
719	2024
720	626
720	696
720	720
720	2800
721	256
721	491
721	721
721	1367
721	2039
721	2936
722	722
722	1058
723	723
723	1375
723	2000
724	724
724	2306
724	2681
725	565
725	725
725	729
725	1305
725	1604
725	2450
726	89
726	726
726	1112
727	727
727	1960
728	728
728	2505
729	729
729	2267
729	2526
730	730
730	2788
731	731
731	1069
731	2489
732	732
732	2384
733	600
733	733
733	2548
733	2830
734	141
734	734
734	1596
734	1984
734	2534
735	735
735	858
735	1932
736	736
736	2589
737	198
737	415
737	737
737	846
737	930
737	2154
737	2513
737	2763
738	738
738	2356
739	739
739	2283
740	740
740	886
740	1203
741	741
741	2837
742	742
742	932
743	743
743	1470
743	1561
744	744
744	1297
745	700
745	745
745	1300
746	580
746	746
747	530
747	747
747	1056
747	1659
747	1776
747	2787
748	748
748	1640
749	40
749	749
749	1147
749	1878
749	2136
749	2430
749	2789
749	2804
750	94
750	750
751	751
751	2747
752	752
752	1046
753	753
753	1768
754	754
754	2806
755	755
755	959
755	1196
755	2758
756	420
756	756
757	171
757	757
757	2585
758	758
758	2942
759	759
759	2615
759	2893
760	46
760	760
760	887
760	1113
760	1335
760	1510
760	1701
760	2308
761	761
761	1165
762	502
762	762
763	349
763	763
763	2329
764	545
764	764
765	504
765	765
766	766
766	1409
767	534
767	767
767	1332
768	575
768	768
769	580
769	769
770	770
770	1022
771	69
771	771
771	2236
772	772
772	1111
773	773
773	1632
773	2256
774	774
774	1210
774	2063
775	775
775	2565
775	2658
776	326
776	776
776	2635
777	777
777	1100
778	778
778	1074
778	2183
779	19
779	112
779	509
779	779
779	2810
780	780
780	1245
781	781
781	1444
782	186
782	782
783	783
783	1733
784	200
784	553
784	697
784	784
784	1561
784	1621
784	2393
785	785
785	2371
786	786
786	1471
787	339
787	787
787	1541
788	1
788	788
789	250
789	789
789	851
789	2908
790	790
790	2129
791	791
791	2973
792	792
792	2636
793	793
793	1417
794	794
794	1738
795	632
795	795
795	1683
795	1825
795	2677
796	796
796	2314
797	797
797	2358
798	798
798	1439
799	799
799	1704
799	2215
799	2259
799	2396
799	2523
799	2583
800	800
800	1654
801	801
801	2053
801	2960
802	802
802	1329
803	803
803	860
804	153
804	350
804	804
804	973
804	1077
804	1947
805	79
805	805
806	806
806	2155
807	807
807	2485
807	2498
808	462
808	677
808	765
808	808
809	29
809	809
810	810
810	1494
810	1649
810	2193
810	2383
811	811
811	2563
812	149
812	593
812	812
813	813
813	1973
814	176
814	814
815	445
815	815
815	1337
815	1628
815	1678
815	2196
815	2278
816	816
816	2703
817	817
817	1722
818	818
818	2606
819	819
819	1064
819	2091
819	2641
820	820
820	900
821	37
821	821
821	858
821	1175
822	822
822	2684
822	2961
823	823
823	1346
824	423
824	824
824	2303
825	825
825	1054
825	1249
825	1412
826	57
826	826
827	492
827	827
828	828
828	2114
829	645
829	829
829	2611
830	562
830	830
830	2379
831	831
831	2535
832	832
832	951
833	107
833	596
833	833
833	1161
833	1967
834	609
834	834
834	1310
834	2905
834	2989
835	34
835	835
835	1521
835	2764
836	836
836	2571
837	837
837	2821
838	838
838	1303
838	1901
838	2954
839	839
839	1806
840	840
840	2163
841	106
841	279
841	328
841	841
841	2283
842	391
842	842
843	285
843	843
843	2611
843	2750
844	411
844	844
845	845
845	1040
845	2733
846	617
846	846
847	787
847	847
847	1583
847	2617
848	848
848	1749
848	2577
849	849
849	1618
850	243
850	850
850	1809
851	851
851	2276
851	2342
851	2606
851	2622
852	852
852	1796
853	853
853	1286
854	177
854	854
854	1248
855	855
855	2073
856	451
856	856
857	857
857	866
857	1858
858	858
858	1341
858	1823
859	827
859	859
859	2021
860	152
860	860
860	1005
860	1428
860	1528
860	1562
861	861
861	1545
861	2797
862	834
862	862
863	863
863	937
863	1380
864	181
864	864
865	865
865	1241
866	484
866	866
867	867
867	1009
868	868
868	2805
869	623
869	869
870	870
870	2775
871	871
871	1913
872	872
872	1864
872	2989
873	222
873	873
874	805
874	874
875	875
875	1831
875	2280
876	876
876	2403
877	877
877	1746
878	44
878	543
878	878
879	879
879	1391
879	2038
879	2423
879	2449
880	880
880	1334
880	1836
881	881
881	1154
881	2714
882	714
882	882
882	2268
882	2368
882	2539
882	2644
883	883
883	1759
884	109
884	291
884	353
884	703
884	791
884	808
884	884
884	889
884	901
884	908
884	962
884	1014
884	1688
884	1908
884	1911
884	2108
884	2507
884	2516
885	327
885	885
885	1267
885	1719
885	2096
885	2105
885	2134
886	886
886	2781
887	406
887	887
887	1086
887	1216
887	2517
888	94
888	747
888	888
889	889
889	967
890	890
890	2706
891	891
891	1878
892	892
892	1525
893	579
893	893
893	1027
894	894
894	2846
895	708
895	895
896	350
896	896
897	873
897	897
898	898
898	1740
899	899
899	2832
900	685
900	900
901	901
901	2033
902	490
902	902
903	358
903	903
904	552
904	904
905	16
905	818
905	905
906	906
906	1100
907	620
907	907
907	1991
908	908
908	2698
909	233
909	909
910	910
910	931
910	1688
911	911
911	1736
911	2557
912	221
912	912
912	1218
913	913
913	1260
913	2756
914	914
914	1333
915	721
915	915
916	916
916	1713
916	2078
916	2186
917	917
917	2757
918	918
918	2881
919	919
919	2759
920	920
920	1164
920	2350
921	921
921	2499
922	922
922	2780
923	211
923	319
923	695
923	923
923	2048
923	2297
923	2431
924	924
924	1381
924	1461
924	1467
924	2810
925	925
925	1315
926	926
926	1224
926	1558
927	927
927	1382
927	2396
928	556
928	928
929	619
929	929
929	1219
930	930
930	2068
931	167
931	931
931	1224
932	932
932	1310
932	2313
933	704
933	933
933	1952
933	2126
934	934
934	2548
935	271
935	935
935	1368
935	1440
936	936
936	1667
937	356
937	937
937	2247
937	2997
938	938
938	1313
938	1369
938	2826
939	939
939	1092
939	1213
939	1227
940	775
940	940
940	2070
941	326
941	941
942	99
942	389
942	942
942	1691
942	2073
943	943
943	1235
944	944
944	1202
944	1685
945	945
945	1468
946	946
946	2704
947	947
947	1490
947	1562
948	948
948	2962
949	245
949	949
949	960
949	976
949	1539
949	1871
949	2406
949	2517
949	2584
949	2964
950	950
950	2219
951	951
951	1619
951	2162
952	952
952	2970
953	953
953	2680
954	954
954	1030
955	659
955	955
956	758
956	956
957	957
957	2859
958	123
958	171
958	958
959	591
959	959
959	989
960	246
960	960
960	1993
961	961
961	1047
961	1716
961	1891
962	962
962	2709
963	54
963	963
964	520
964	964
964	2986
965	806
965	965
965	1101
965	1642
965	1704
965	1958
966	966
966	2132
967	771
967	967
968	286
968	968
968	1063
969	969
969	2346
970	970
970	1308
971	971
971	2158
972	255
972	972
972	2441
973	973
973	2715
973	2847
974	965
974	974
974	2857
975	975
975	1948
975	2460
976	976
976	1195
977	2
977	977
977	1408
977	1814
978	191
978	978
978	1925
979	352
979	592
979	979
980	11
980	717
980	980
980	1091
980	1641
980	2069
981	410
981	981
982	166
982	859
982	982
982	2892
983	983
983	2749
984	187
984	984
985	692
985	985
985	1079
985	1205
985	1298
985	1766
985	1835
986	986
986	2460
987	734
987	949
987	987
988	293
988	988
988	2584
989	162
989	989
989	2436
990	863
990	990
991	991
991	2182
992	452
992	770
992	851
992	931
992	992
992	999
992	2028
992	2170
992	2494
993	993
993	1253
994	994
994	1309
995	995
995	2208
995	2796
996	367
996	996
996	2208
997	997
997	2813
998	998
998	1140
999	426
999	999
999	1954
1000	1000
1000	2638
1001	825
1001	1001
1002	1002
1002	1104
1003	301
1003	452
1003	592
1003	1003
1003	1722
1003	1928
1003	2133
1003	2652
1003	2726
1004	598
1004	1004
1004	1787
1005	1005
1005	2933
1006	1006
1006	2523
1007	937
1007	1007
1008	1008
1008	2742
1009	1009
1009	2882
1010	463
1010	1010
1010	2459
1011	1011
1011	2595
1012	394
1012	1012
1013	229
1013	789
1013	1013
1013	1513
1013	1602
1013	2742
1014	1014
1014	1242
1015	389
1015	1015
1016	1016
1016	2103
1017	361
1017	1017
1018	432
1018	1018
1018	2096
1018	2166
1018	2385
1018	2576
1019	894
1019	1019
1020	687
1020	1020
1021	1021
1021	2266
1022	1022
1022	2015
1022	2487
1023	1023
1023	1127
1023	2767
1024	424
1024	1024
1025	1025
1025	2144
1026	991
1026	1026
1026	2397
1027	1027
1027	1198
1028	608
1028	1028
1029	1029
1029	1869
1030	876
1030	1030
1031	1031
1031	1381
1032	476
1032	1032
1032	1689
1032	1909
1033	939
1033	1033
1034	1034
1034	1596
1034	2501
1035	1035
1035	2869
1036	1036
1036	2336
1037	264
1037	1037
1037	1516
1038	1038
1038	1061
1038	1976
1039	497
1039	1039
1040	1040
1040	1727
1041	1041
1041	2568
1042	178
1042	1042
1042	1335
1043	1043
1043	2164
1044	31
1044	1044
1045	1045
1045	1428
1046	1046
1046	1979
1047	1047
1047	2700
1048	1048
1048	1462
1049	1049
1049	2542
1050	407
1050	1050
1051	1051
1051	1166
1051	2626
1052	158
1052	1052
1053	5
1053	1053
1054	1054
1054	1670
1055	1055
1055	1532
1055	2672
1056	938
1056	1056
1057	519
1057	1057
1058	1058
1058	2546
1059	1059
1059	2525
1060	1060
1060	1527
1061	485
1061	1061
1062	264
1062	1062
1062	1456
1063	1063
1063	1396
1063	1727
1064	1064
1064	1573
1064	2567
1065	666
1065	1065
1066	284
1066	826
1066	1066
1067	1067
1067	2737
1068	511
1068	978
1068	1068
1069	1069
1069	2708
1070	953
1070	1070
1071	1071
1071	1178
1072	1072
1072	1148
1073	363
1073	474
1073	1073
1074	1074
1074	2875
1075	830
1075	1075
1075	1822
1076	1076
1076	2525
1076	2538
1076	2909
1077	694
1077	1077
1078	1078
1078	2821
1079	1035
1079	1079
1079	1446
1080	1080
1080	1642
1080	1925
1080	2528
1081	1081
1081	2119
1082	320
1082	1082
1083	1083
1083	1973
1083	2741
1084	950
1084	1084
1084	1142
1085	728
1085	1085
1085	2607
1086	1086
1086	2868
1087	1067
1087	1087
1087	1374
1088	383
1088	410
1088	1088
1089	1089
1089	2333
1089	2890
1090	1090
1090	2952
1091	859
1091	1091
1091	1223
1091	2661
1092	1092
1092	2488
1093	91
1093	1093
1094	1094
1094	1696
1095	879
1095	1095
1095	2849
1095	2992
1096	1096
1096	1965
1097	55
1097	1097
1098	248
1098	1098
1099	1099
1099	1875
1100	1100
1100	1543
1100	2061
1101	405
1101	1101
1101	1419
1102	18
1102	1102
1102	2682
1103	874
1103	1103
1104	503
1104	1003
1104	1104
1104	1497
1105	961
1105	1105
1106	1106
1106	1654
1107	974
1107	1107
1107	1572
1107	1710
1107	2426
1108	1051
1108	1108
1108	2646
1109	1109
1109	2214
1109	2590
1110	1110
1110	1638
1111	548
1111	1111
1111	1394
1112	1112
1112	1315
1113	1113
1113	2286
1113	2654
1113	2997
1114	1114
1114	2452
1115	1115
1115	2106
1116	1116
1116	2362
1117	1117
1117	2019
1118	1118
1118	2187
1119	1119
1119	1938
1120	1083
1120	1120
1121	1121
1121	2761
1122	1122
1122	2543
1123	1123
1123	1530
1124	637
1124	1065
1124	1124
1124	1346
1125	544
1125	731
1125	759
1125	826
1125	956
1125	1125
1125	1407
1125	1442
1125	1648
1125	1978
1125	2061
1125	2359
1125	2377
1125	2528
1125	2765
1126	555
1126	1126
1127	1034
1127	1127
1128	1128
1128	1426
1129	1129
1129	1194
1130	1060
1130	1130
1130	2246
1131	1131
1131	2520
1132	174
1132	1132
1133	779
1133	1133
1133	1983
1133	2388
1134	1134
1134	2107
1134	2502
1135	1135
1135	2383
1136	1136
1136	1470
1137	1137
1137	1804
1138	1138
1138	2216
1139	1139
1139	1535
1140	1140
1140	2932
1141	1141
1141	2778
1142	1142
1142	2826
1143	1143
1143	1888
1143	1923
1143	2657
1144	1144
1144	2327
1145	25
1145	638
1145	844
1145	883
1145	1024
1145	1145
1145	1664
1146	1146
1146	2472
1147	1147
1147	1945
1147	2552
1148	1148
1148	1734
1149	203
1149	1149
1149	1871
1149	1972
1149	2514
1149	2555
1149	2827
1150	449
1150	1150
1150	2035
1150	2419
1151	1034
1151	1151
1151	1421
1152	1152
1152	2412
1153	1153
1153	2131
1153	2360
1154	231
1154	1154
1155	1155
1155	2290
1156	1156
1156	1782
1156	1874
1157	368
1157	605
1157	728
1157	921
1157	990
1157	1013
1157	1028
1157	1157
1157	1221
1157	1299
1157	1465
1157	1505
1157	1518
1157	1627
1157	1873
1157	1880
1157	1917
1157	2121
1157	2156
1157	2226
1157	2315
1157	2361
1157	2577
1157	2598
1157	2926
1158	369
1158	1158
1158	1350
1158	2058
1159	465
1159	1159
1160	1160
1160	1368
1160	1778
1161	471
1161	1161
1161	2118
1162	1162
1162	1425
1163	562
1163	1163
1163	1437
1164	1118
1164	1164
1164	1325
1164	2408
1165	1165
1165	2887
1166	1166
1166	1721
1167	1167
1167	1901
1167	2190
1168	1168
1168	1805
1169	442
1169	1169
1169	2128
1170	1170
1170	1560
1171	752
1171	1171
1172	1172
1172	2343
1173	1173
1173	1662
1174	1174
1174	2614
1175	892
1175	1175
1175	2937
1176	317
1176	545
1176	1176
1176	1246
1176	1314
1177	1177
1177	1228
1178	1178
1178	2567
1179	450
1179	456
1179	506
1179	1179
1179	2131
1179	2575
1180	1180
1180	1386
1181	662
1181	1181
1182	1182
1182	1648
1183	1183
1183	2953
1184	1184
1184	2690
1185	1185
1185	1782
1186	39
1186	1186
1186	1656
1187	231
1187	343
1187	1062
1187	1187
1187	1651
1187	2631
1187	2917
1188	1188
1188	2029
1188	2643
1189	1189
1189	2181
1189	2259
1189	2741
1190	853
1190	1190
1191	1191
1191	1496
1192	1192
1192	2480
1193	791
1193	1193
1193	1635
1193	2835
1194	1107
1194	1194
1195	995
1195	1195
1195	1610
1195	2092
1196	190
1196	788
1196	1196
1197	374
1197	1197
1197	1865
1198	679
1198	1198
1198	2650
1199	1199
1199	1433
1199	1532
1199	2512
1200	97
1200	1200
1201	1201
1201	2416
1202	524
1202	1202
1203	48
1203	1203
1203	1879
1204	1204
1204	2656
1204	2965
1205	1205
1205	2160
1206	1206
1206	2762
1207	1207
1207	2907
1208	1166
1208	1208
1209	1008
1209	1209
1209	1844
1209	2388
1210	1210
1210	1279
1211	1211
1211	2179
1212	537
1212	1212
1213	1213
1213	1777
1214	614
1214	1214
1215	779
1215	840
1215	1215
1215	1575
1215	2311
1215	2620
1215	2920
1216	997
1216	1216
1217	58
1217	212
1217	1217
1217	1966
1218	745
1218	1218
1218	2086
1219	1219
1219	2188
1220	213
1220	366
1220	1220
1221	1019
1221	1221
1222	1222
1222	2996
1223	1223
1223	1245
1224	1224
1224	1989
1224	2414
1225	763
1225	1225
1225	2679
1226	224
1226	1226
1226	1351
1227	1227
1227	1814
1228	1228
1228	2960
1229	23
1229	180
1229	1229
1230	86
1230	1230
1231	1231
1231	2642
1232	384
1232	994
1232	1232
1232	1977
1232	2221
1232	2533
1232	2618
1233	758
1233	1233
1234	661
1234	1234
1234	2648
1235	1235
1235	1683
1235	2040
1236	0
1236	1236
1237	129
1237	1237
1238	1238
1238	1600
1239	147
1239	1239
1240	1240
1240	2982
1241	1189
1241	1241
1241	1369
1241	2025
1241	2051
1242	667
1242	1242
1242	1847
1243	482
1243	1243
1244	929
1244	1244
1245	1245
1245	1320
1246	1246
1246	2122
1247	269
1247	784
1247	1247
1247	1907
1248	1248
1248	2253
1248	2886
1249	738
1249	809
1249	1249
1250	1250
1250	1816
1251	38
1251	1251
1252	108
1252	1252
1253	1253
1253	1984
1253	2864
1253	2898
1254	1118
1254	1254
1254	2508
1255	1255
1255	2849
1256	850
1256	1256
1257	473
1257	1257
1258	981
1258	1258
1259	746
1259	753
1259	1153
1259	1259
1259	1882
1260	85
1260	1260
1260	2786
1261	1261
1261	2624
1262	1262
1262	2480
1263	1263
1263	2292
1263	2400
1263	2509
1264	693
1264	1264
1265	947
1265	1221
1265	1265
1266	1266
1266	1815
1267	1267
1267	1918
1268	1268
1268	1813
1269	1093
1269	1269
1270	808
1270	1270
1270	1483
1271	1271
1271	2173
1272	309
1272	1272
1272	1744
1273	628
1273	1273
1274	1274
1274	2300
1275	1275
1275	2224
1276	1276
1276	1859
1277	1277
1277	2612
1277	2672
1278	1278
1278	1362
1278	1378
1278	1530
1279	1279
1279	1380
1280	454
1280	1009
1280	1280
1280	2254
1281	163
1281	1281
1282	221
1282	1282
1282	1294
1283	1283
1283	2179
1283	2616
1283	2993
1284	750
1284	846
1284	1284
1285	1285
1285	1508
1285	2707
1286	304
1286	1286
1286	1840
1286	2597
1287	1287
1287	2693
1288	1185
1288	1288
1289	215
1289	1289
1289	1359
1289	2065
1290	1290
1290	2048
1291	325
1291	1291
1291	1500
1292	1292
1292	1830
1292	1875
1292	2079
1293	1063
1293	1293
1294	1294
1294	1771
1295	1295
1295	2891
1296	1261
1296	1296
1297	1297
1297	2515
1298	261
1298	1298
1299	915
1299	1299
1299	2088
1299	2370
1299	2461
1299	2795
1300	150
1300	1300
1300	1590
1301	1301
1301	2438
1302	730
1302	1097
1302	1302
1302	2544
1302	2650
1303	1303
1303	2703
1304	80
1304	885
1304	1304
1304	1826
1305	1305
1305	1728
1306	1306
1306	1726
1307	1307
1307	1578
1308	996
1308	1308
1308	1531
1309	212
1309	1309
1310	749
1310	1310
1311	278
1311	1311
1312	635
1312	1312
1313	910
1313	1313
1313	1950
1314	833
1314	1180
1314	1314
1314	1737
1315	372
1315	1315
1316	1316
1316	2448
1317	528
1317	1317
1318	1318
1318	2924
1319	1319
1319	1349
1319	2407
1320	1320
1320	2918
1321	475
1321	1321
1322	1128
1322	1322
1323	1323
1323	1811
1324	453
1324	1324
1324	1788
1324	2476
1325	1325
1325	1827
1326	241
1326	1326
1326	2969
1327	696
1327	1327
1328	649
1328	719
1328	1053
1328	1328
1328	1480
1328	2095
1328	2608
1329	1329
1329	2823
1330	398
1330	459
1330	1330
1331	681
1331	1331
1332	428
1332	1332
1333	386
1333	1333
1334	1334
1334	2468
1335	1335
1335	2868
1336	565
1336	1336
1336	1748
1336	2087
1336	2893
1337	1337
1337	2645
1338	307
1338	680
1338	1338
1338	1983
1338	2841
1339	795
1339	1339
1340	1340
1340	2003
1341	1184
1341	1341
1342	1193
1342	1342
1342	1445
1343	1267
1343	1343
1344	1344
1344	1520
1345	120
1345	259
1345	303
1345	672
1345	816
1345	1345
1345	1496
1345	2187
1345	2212
1345	2628
1345	2905
1345	2925
1346	561
1346	1346
1347	529
1347	1347
1347	2013
1348	1348
1348	1793
1348	2581
1349	1349
1349	2613
1350	1203
1350	1350
1351	1351
1351	1998
1352	566
1352	986
1352	1352
1352	2842
1353	555
1353	1353
1353	2501
1354	1354
1354	2309
1355	1355
1355	1477
1356	891
1356	1356
1357	244
1357	1357
1358	1358
1358	1463
1358	1610
1359	110
1359	1359
1359	2008
1360	551
1360	1360
1360	1503
1361	1361
1361	1365
1361	1734
1362	493
1362	1362
1362	2906
1363	805
1363	1363
1363	2642
1364	1364
1364	1590
1365	1117
1365	1365
1366	1366
1366	1909
1367	1367
1367	1378
1367	2006
1367	2391
1368	1368
1368	2243
1369	613
1369	1369
1370	1370
1370	2945
1371	1229
1371	1371
1371	2082
1372	799
1372	1231
1372	1372
1373	292
1373	764
1373	1373
1374	1374
1374	2095
1375	117
1375	1375
1376	1376
1376	2080
1377	1377
1377	2833
1378	433
1378	463
1378	646
1378	1378
1378	1698
1379	1379
1379	2202
1380	1380
1380	2097
1381	639
1381	1381
1381	1559
1382	1102
1382	1382
1383	323
1383	1383
1384	865
1384	1384
1384	2298
1384	2321
1384	2859
1385	267
1385	1296
1385	1385
1386	88
1386	1386
1387	561
1387	1387
1387	2506
1387	2511
1387	2673
1387	2744
1388	1004
1388	1388
1389	226
1389	938
1389	1106
1389	1389
1389	1592
1389	2909
1390	1356
1390	1390
1390	2475
1391	28
1391	1391
1392	1392
1392	1488
1392	1618
1393	1393
1393	2780
1394	308
1394	657
1394	1394
1395	432
1395	1395
1395	1754
1395	1913
1396	705
1396	1396
1397	487
1397	1397
1397	1511
1398	1099
1398	1398
1399	1399
1399	2036
1399	2972
1400	1400
1400	2296
1401	1401
1401	2287
1402	78
1402	454
1402	1402
1402	1886
1402	2244
1402	2664
1403	1403
1403	2943
1404	1188
1404	1404
1404	2458
1405	838
1405	1405
1406	980
1406	1237
1406	1406
1407	467
1407	985
1407	1407
1408	64
1408	1408
1408	2872
1409	50
1409	1409
1410	1410
1410	2621
1411	737
1411	1411
1412	707
1412	1412
1413	1223
1413	1413
1414	679
1414	1414
1415	280
1415	1415
1416	1416
1416	2248
1417	1417
1417	1808
1418	753
1418	1418
1418	2323
1419	1419
1419	1857
1420	1420
1420	1790
1421	982
1421	1421
1422	1422
1422	1461
1423	172
1423	1183
1423	1423
1424	441
1424	1424
1424	1659
1425	1425
1425	2471
1425	2713
1426	529
1426	1306
1426	1426
1427	1347
1427	1427
1427	2301
1428	678
1428	1428
1429	1429
1429	2387
1429	2426
1430	1430
1430	2735
1431	1431
1431	1838
1432	1432
1432	1922
1433	1433
1433	2327
1434	1050
1434	1434
1434	2892
1435	1435
1435	1575
1436	1436
1436	2110
1437	9
1437	1437
1437	2237
1438	1438
1438	2569
1439	494
1439	1439
1440	1440
1440	2438
1441	178
1441	510
1441	652
1441	1174
1441	1441
1442	1442
1442	2675
1442	2804
1443	78
1443	447
1443	465
1443	568
1443	657
1443	1067
1443	1117
1443	1280
1443	1443
1443	1780
1443	2445
1444	1444
1444	2284
1444	2723
1445	1445
1445	1767
1445	2304
1446	435
1446	1446
1447	522
1447	1447
1447	2691
1448	335
1448	1438
1448	1448
1449	1025
1449	1449
1449	2978
1450	1450
1450	2431
1451	434
1451	1451
1452	424
1452	1452
1452	1679
1453	1453
1453	2059
1454	284
1454	1454
1455	727
1455	1455
1455	2684
1456	790
1456	1456
1457	1457
1457	2748
1458	1000
1458	1458
1459	1459
1459	1975
1459	2326
1459	2491
1459	2588
1460	209
1460	1460
1460	2533
1460	2600
1461	6
1461	27
1461	1260
1461	1454
1461	1461
1461	1804
1461	2869
1462	163
1462	1462
1463	1463
1463	2090
1464	260
1464	1464
1464	2464
1465	660
1465	1465
1466	839
1466	1466
1467	182
1467	1070
1467	1467
1467	1554
1468	1468
1468	2390
1469	898
1469	1469
1469	2556
1470	148
1470	331
1470	1342
1470	1470
1471	1471
1471	2363
1472	766
1472	1472
1473	1037
1473	1473
1474	1474
1474	1863
1474	2955
1475	278
1475	1218
1475	1475
1475	1537
1475	1637
1476	507
1476	974
1476	1476
1476	1825
1477	1477
1477	1956
1477	2319
1478	1390
1478	1478
1478	1946
1479	1479
1479	2711
1480	1480
1480	2094
1481	1481
1481	2724
1482	1466
1482	1482
1483	1483
1483	2250
1484	1484
1484	2032
1485	1485
1485	1803
1486	1486
1486	2873
1487	1077
1487	1487
1487	2509
1488	92
1488	792
1488	1355
1488	1488
1489	1431
1489	1489
1490	396
1490	1490
1490	1538
1491	1491
1491	2768
1492	1492
1492	1633
1493	1493
1493	1603
1493	1768
1494	1494
1494	2894
1495	733
1495	1495
1496	1496
1496	2414
1497	1497
1497	1803
1498	371
1498	1498
1498	2335
1499	972
1499	1499
1500	1416
1500	1500
1500	2402
1501	686
1501	1501
1502	1502
1502	2941
1503	777
1503	1503
1504	586
1504	1504
1505	1505
1505	1783
1506	523
1506	1506
1507	128
1507	1074
1507	1502
1507	1507
1508	690
1508	1508
1508	1563
1509	487
1509	1509
1509	2206
1510	4
1510	1510
1510	2981
1511	392
1511	1511
1512	177
1512	1512
1512	2710
1513	1099
1513	1513
1513	1898
1513	2709
1514	1514
1514	1947
1515	1515
1515	1540
1516	1516
1516	2446
1517	337
1517	1517
1517	2252
1518	701
1518	816
1518	1518
1519	481
1519	927
1519	1519
1519	1549
1519	2142
1520	524
1520	1520
1521	1521
1521	1604
1522	436
1522	1522
1523	1523
1523	2894
1524	181
1524	234
1524	486
1524	1062
1524	1524
1524	1839
1524	1976
1524	2038
1524	2109
1525	370
1525	921
1525	1525
1526	1526
1526	1750
1527	590
1527	1527
1528	1319
1528	1528
1529	1529
1529	1842
1529	2397
1530	969
1530	1530
1531	1531
1531	2704
1531	2784
1532	205
1532	798
1532	972
1532	1081
1532	1532
1532	1882
1533	1004
1533	1533
1534	1190
1534	1534
1535	1535
1535	1729
1536	1536
1536	2532
1537	8
1537	1537
1537	1965
1538	677
1538	698
1538	829
1538	1290
1538	1538
1538	1675
1538	2042
1538	2140
1538	2678
1539	1539
1539	1952
1540	1003
1540	1540
1541	1541
1541	2773
1542	1542
1542	1574
1543	1036
1543	1543
1543	1583
1544	1544
1544	2281
1545	853
1545	1385
1545	1545
1546	1164
1546	1546
1547	183
1547	1547
1548	875
1548	1319
1548	1548
1549	1549
1549	2854
1550	1550
1550	2473
1551	1551
1551	2443
1552	105
1552	324
1552	439
1552	1334
1552	1552
1552	1922
1553	1553
1553	2570
1554	334
1554	418
1554	1554
1555	1087
1555	1555
1556	607
1556	1556
1556	2861
1557	1557
1557	1978
1557	2433
1558	1558
1558	2169
1559	1559
1559	2019
1560	68
1560	214
1560	1001
1560	1560
1561	1561
1561	1916
1562	1211
1562	1562
1563	948
1563	1563
1564	671
1564	1222
1564	1564
1565	984
1565	1565
1565	2799
1566	1566
1566	1820
1567	421
1567	1567
1567	1672
1567	1682
1567	2125
1567	2529
1568	1568
1568	2818
1569	1342
1569	1569
1570	727
1570	1055
1570	1570
1571	1571
1571	2115
1572	1572
1572	2968
1573	197
1573	1573
1574	41
1574	1574
1575	1575
1575	2092
1575	2201
1576	1576
1576	2008
1577	234
1577	1577
1577	2041
1578	382
1578	605
1578	971
1578	1578
1579	1579
1579	2639
1580	568
1580	878
1580	1580
1581	156
1581	173
1581	458
1581	462
1581	549
1581	618
1581	882
1581	899
1581	1091
1581	1581
1581	1749
1581	1833
1581	1834
1581	1867
1581	1894
1581	1999
1581	2001
1581	2053
1581	2080
1581	2178
1581	2385
1581	2392
1581	2498
1581	2632
1581	2924
1582	1582
1582	1843
1582	2870
1583	1583
1583	2424
1584	1181
1584	1584
1584	2114
1585	1585
1585	1844
1586	1586
1586	2959
1587	503
1587	1488
1587	1587
1587	1597
1588	132
1588	773
1588	1588
1589	418
1589	604
1589	1589
1589	2010
1590	1590
1590	2903
1591	65
1591	905
1591	1591
1592	305
1592	1592
1592	2776
1593	661
1593	1305
1593	1593
1593	1934
1594	1502
1594	1594
1595	70
1595	1020
1595	1595
1595	1759
1596	828
1596	1596
1597	130
1597	908
1597	1330
1597	1436
1597	1597
1597	2253
1597	2359
1597	2531
1597	2965
1598	1598
1598	1898
1599	1599
1599	2435
1599	2638
1600	238
1600	1600
1600	1883
1601	1130
1601	1601
1602	1235
1602	1602
1603	249
1603	1603
1604	360
1604	1604
1605	1605
1605	2608
1606	596
1606	1606
1606	2065
1607	1096
1607	1493
1607	1607
1608	1608
1608	2445
1609	1609
1609	2104
1610	1358
1610	1610
1610	2976
1611	892
1611	1611
1611	2506
1612	34
1612	1214
1612	1612
1612	2347
1612	2932
1613	362
1613	940
1613	1613
1614	1614
1614	2344
1615	1272
1615	1615
1616	879
1616	1616
1616	2280
1617	1617
1617	2951
1618	1544
1618	1618
1619	464
1619	942
1619	1619
1619	1706
1619	2330
1620	660
1620	1620
1620	2113
1621	1237
1621	1621
1621	2715
1622	743
1622	1289
1622	1622
1623	1623
1623	2264
1623	2991
1624	1480
1624	1624
1625	209
1625	1625
1626	1626
1626	1958
1627	1295
1627	1627
1628	335
1628	1465
1628	1628
1629	1114
1629	1277
1629	1629
1630	1367
1630	1523
1630	1630
1631	1631
1631	1799
1632	296
1632	1251
1632	1632
1633	651
1633	1633
1633	1743
1634	1634
1634	2537
1635	1635
1635	2384
1635	2593
1636	195
1636	1125
1636	1636
1636	1954
1636	2627
1636	2663
1637	1481
1637	1637
1638	845
1638	1638
1638	2605
1639	227
1639	1639
1639	2641
1640	133
1640	334
1640	1640
1641	1641
1641	2825
1642	1349
1642	1642
1642	2816
1643	1529
1643	1643
1644	146
1644	1644
1645	446
1645	1645
1646	496
1646	801
1646	1181
1646	1348
1646	1646
1647	1647
1647	2631
1648	1648
1648	2601
1649	1649
1649	1969
1650	691
1650	988
1650	1650
1650	2263
1650	2550
1651	1651
1651	1940
1652	1415
1652	1652
1653	1632
1653	1653
1654	1376
1654	1654
1654	2644
1655	1007
1655	1655
1655	2626
1656	222
1656	1656
1657	1097
1657	1657
1658	1036
1658	1658
1658	2588
1658	2863
1659	1659
1659	1732
1660	1071
1660	1660
1660	1821
1661	1293
1661	1661
1662	5
1662	825
1662	1354
1662	1662
1663	1663
1663	1964
1664	1664
1664	2518
1665	662
1665	1098
1665	1665
1665	2049
1666	1666
1666	1706
1667	1667
1667	2311
1667	2478
1668	1089
1668	1136
1668	1668
1668	2935
1668	2964
1669	1542
1669	1669
1670	1670
1670	1786
1671	32
1671	287
1671	615
1671	1671
1671	2340
1671	2718
1672	722
1672	838
1672	1672
1672	1967
1672	2634
1673	1271
1673	1673
1674	469
1674	1674
1675	950
1675	1317
1675	1675
1676	396
1676	1676
1676	1902
1677	1591
1677	1677
1678	1678
1678	1993
1678	2668
1679	1150
1679	1679
1679	2241
1680	1457
1680	1680
1681	1681
1681	2844
1682	329
1682	1682
1683	1683
1683	2411
1684	1684
1684	2740
1685	1685
1685	2462
1686	277
1686	1686
1687	1687
1687	2261
1688	1425
1688	1688
1688	2279
1689	1689
1689	2696
1690	1690
1690	2889
1691	417
1691	1691
1692	47
1692	347
1692	1422
1692	1692
1692	1758
1692	2100
1693	1693
1693	2274
1694	406
1694	1694
1694	2225
1694	2794
1694	2946
1695	582
1695	1695
1696	1066
1696	1696
1697	1697
1697	2569
1698	1698
1698	2602
1699	111
1699	688
1699	1699
1700	1700
1700	2057
1701	1701
1701	1789
1702	381
1702	1200
1702	1287
1702	1624
1702	1702
1702	1920
1702	2412
1703	1420
1703	1703
1704	1233
1704	1704
1705	1494
1705	1705
1706	1447
1706	1706
1707	1707
1707	2671
1708	1708
1708	2225
1709	392
1709	1709
1710	1226
1710	1694
1710	1707
1710	1710
1710	1717
1711	1547
1711	1711
1711	2996
1712	455
1712	1405
1712	1712
1712	1850
1712	1948
1712	2596
1713	451
1713	1713
1713	1732
1714	1289
1714	1714
1715	1715
1715	2940
1716	1716
1716	1997
1716	2292
1717	1717
1717	2331
1718	904
1718	1718
1719	206
1719	1719
1719	2481
1720	790
1720	1720
1720	1906
1720	2807
1721	1721
1721	2524
1722	1722
1722	2197
1723	680
1723	1723
1723	2843
1724	114
1724	526
1724	1276
1724	1278
1724	1724
1724	2420
1724	2527
1725	822
1725	1725
1726	1726
1726	2366
1727	1727
1727	2948
1728	1728
1728	1904
1729	1729
1729	2993
1730	1730
1730	2694
1731	654
1731	1731
1732	378
1732	1732
1732	1914
1733	142
1733	332
1733	907
1733	1733
1733	1895
1733	2307
1733	2594
1733	2629
1733	2737
1734	1427
1734	1585
1734	1734
1735	421
1735	919
1735	1052
1735	1518
1735	1735
1735	2345
1736	149
1736	419
1736	1736
1736	2163
1737	1558
1737	1737
1738	668
1738	914
1738	1684
1738	1738
1738	1936
1738	2185
1738	2226
1738	2369
1739	1739
1739	2456
1739	2522
1739	2666
1740	1725
1740	1740
1741	213
1741	1741
1742	893
1742	1742
1742	1833
1743	470
1743	1743
1743	1770
1743	2845
1744	1435
1744	1744
1745	1513
1745	1745
1746	1505
1746	1746
1747	734
1747	1747
1748	1646
1748	1748
1749	1749
1749	2417
1749	2800
1750	260
1750	1187
1750	1750
1751	614
1751	1228
1751	1297
1751	1614
1751	1751
1752	584
1752	1752
1753	1753
1753	2579
1753	2838
1753	2857
1754	899
1754	1754
1755	654
1755	1755
1756	941
1756	1756
1757	1757
1757	2119
1758	1745
1758	1758
1759	1288
1759	1759
1760	1760
1760	2417
1761	1414
1761	1761
1762	199
1762	1762
1763	1763
1763	2529
1764	357
1764	1764
1765	368
1765	1765
1765	2081
1766	310
1766	665
1766	1766
1767	1563
1767	1767
1767	2098
1768	1762
1768	1768
1769	1769
1769	2496
1769	2904
1770	388
1770	1770
1771	1082
1771	1771
1772	1176
1772	1772
1772	2725
1773	1620
1773	1773
1774	1343
1774	1774
1775	708
1775	1197
1775	1303
1775	1775
1775	2686
1776	99
1776	1776
1776	2939
1777	508
1777	1777
1778	1778
1778	2486
1779	1155
1779	1779
1780	1072
1780	1780
1781	342
1781	1781
1782	750
1782	1574
1782	1714
1782	1782
1783	1534
1783	1690
1783	1783
1784	495
1784	1784
1785	1785
1785	2372
1786	276
1786	290
1786	785
1786	1786
1787	1787
1787	1817
1788	1788
1788	2839
1789	16
1789	1603
1789	1789
1790	916
1790	1790
1791	1326
1791	1791
1792	829
1792	1792
1793	926
1793	1336
1793	1793
1794	1344
1794	1794
1794	2180
1795	1726
1795	1795
1796	1784
1796	1796
1796	2434
1797	1797
1797	2402
1798	648
1798	1798
1799	1799
1799	1906
1799	2437
1800	1800
1800	1959
1801	1485
1801	1801
1802	824
1802	1802
1803	1803
1803	2490
1804	1687
1804	1804
1805	1805
1805	2483
1806	1806
1806	2014
1807	508
1807	1353
1807	1807
1808	939
1808	1608
1808	1808
1809	385
1809	648
1809	1809
1810	501
1810	1810
1810	2183
1810	2489
1811	475
1811	917
1811	1214
1811	1811
1811	2358
1811	2452
1812	1812
1812	2403
1813	612
1813	831
1813	1087
1813	1463
1813	1730
1813	1813
1813	2309
1813	2771
1814	587
1814	1814
1814	2834
1815	1815
1815	2848
1816	216
1816	1125
1816	1816
1817	1817
1817	2888
1818	584
1818	1818
1819	1744
1819	1819
1819	1868
1820	1820
1820	1968
1821	1821
1821	1883
1822	224
1822	719
1822	1822
1822	2199
1823	832
1823	1823
1823	2580
1824	1824
1824	2105
1825	1078
1825	1825
1826	317
1826	1826
1826	1930
1827	1185
1827	1644
1827	1827
1827	2619
1828	64
1828	1828
1829	1829
1829	2469
1829	2472
1830	95
1830	749
1830	1082
1830	1752
1830	1830
1830	2031
1830	2282
1830	2444
1830	2590
1831	578
1831	1295
1831	1388
1831	1831
1832	1832
1832	2405
1832	2783
1833	1090
1833	1833
1834	588
1834	1834
1835	1835
1835	1957
1836	585
1836	1836
1837	1837
1837	2880
1838	1838
1838	1845
1839	394
1839	1839
1839	2421
1840	393
1840	1840
1841	1686
1841	1841
1841	2560
1842	1842
1842	2822
1843	1761
1843	1843
1844	253
1844	1844
1844	1908
1845	641
1845	1845
1846	755
1846	1846
1846	1900
1847	1464
1847	1847
1848	408
1848	576
1848	1827
1848	1848
1848	2587
1849	1849
1849	2023
1850	62
1850	1850
1851	856
1851	1056
1851	1268
1851	1810
1851	1851
1851	1992
1851	2224
1851	2815
1852	1474
1852	1852
1852	2031
1853	1230
1853	1853
1853	2973
1854	1854
1854	2410
1855	3
1855	201
1855	840
1855	940
1855	1535
1855	1855
1855	1921
1855	2825
1856	1856
1856	2718
1857	1857
1857	2032
1858	928
1858	1858
1859	230
1859	509
1859	573
1859	1393
1859	1859
1859	2037
1860	862
1860	1790
1860	1860
1860	2862
1861	376
1861	494
1861	1861
1862	793
1862	800
1862	1862
1863	1239
1863	1829
1863	1863
1864	1864
1864	2994
1865	945
1865	1865
1865	2269
1866	1546
1866	1866
1867	1867
1867	2389
1868	1086
1868	1868
1868	2147
1868	2191
1869	1153
1869	1869
1869	2149
1870	220
1870	1870
1870	1941
1871	1625
1871	1871
1872	1872
1872	2545
1872	2758
1873	1873
1873	2707
1874	1874
1874	2877
1875	97
1875	1875
1875	2316
1876	546
1876	1876
1877	636
1877	1877
1877	2233
1878	1078
1878	1878
1878	2604
1879	1347
1879	1879
1880	1163
1880	1880
1880	2545
1881	678
1881	835
1881	1010
1881	1881
1882	979
1882	1882
1883	1021
1883	1883
1884	195
1884	1800
1884	1884
1885	1885
1885	2076
1886	622
1886	1048
1886	1886
1887	104
1887	668
1887	1887
1888	797
1888	1888
1889	366
1889	1889
1890	1080
1890	1890
1890	2278
1890	2339
1890	2990
1891	1891
1891	2299
1892	103
1892	104
1892	113
1892	192
1892	251
1892	521
1892	868
1892	1115
1892	1119
1892	1152
1892	1564
1892	1669
1892	1828
1892	1841
1892	1892
1892	2022
1892	2167
1892	2541
1892	2717
1893	1893
1893	2249
1894	1718
1894	1894
1895	1757
1895	1895
1896	1815
1896	1896
1896	2189
1897	1023
1897	1897
1898	377
1898	1898
1899	1899
1899	2285
1900	466
1900	1900
1901	203
1901	496
1901	1901
1902	245
1902	1105
1902	1902
1902	2526
1903	1412
1903	1903
1904	49
1904	275
1904	307
1904	365
1904	619
1904	870
1904	1243
1904	1330
1904	1339
1904	1400
1904	1472
1904	1492
1904	1904
1904	1924
1904	1997
1904	2070
1904	2174
1904	2471
1904	2874
1905	1536
1905	1905
1905	2304
1906	1906
1906	2885
1907	409
1907	1907
1907	2540
1908	1908
1908	1926
1909	612
1909	802
1909	1909
1909	2668
1910	58
1910	159
1910	240
1910	305
1910	339
1910	397
1910	409
1910	412
1910	483
1910	616
1910	714
1910	743
1910	761
1910	867
1910	929
1910	958
1910	1031
1910	1244
1910	1261
1910	1293
1910	1374
1910	1418
1910	1568
1910	1700
1910	1731
1910	1781
1910	1823
1910	1910
1910	1942
1910	1944
1910	2072
1910	2103
1910	2153
1910	2207
1910	2216
1910	2255
1910	2373
1910	2450
1910	2566
1910	2621
1910	2721
1910	2770
1910	2785
1910	2852
1910	2919
1910	2968
1911	182
1911	359
1911	716
1911	1033
1911	1489
1911	1911
1911	2562
1911	2754
1911	2974
1912	1364
1912	1912
1913	322
1913	1913
1913	1998
1913	2000
1913	2052
1913	2368
1913	2688
1914	165
1914	643
1914	1323
1914	1767
1914	1914
1914	1938
1914	2726
1915	1537
1915	1915
1916	134
1916	1916
1916	2371
1917	106
1917	261
1917	823
1917	1917
1918	781
1918	1918
1919	1555
1919	1919
1920	1920
1920	2511
1921	1191
1921	1921
1921	2728
1922	1922
1922	2848
1922	2851
1923	422
1923	1923
1923	2296
1924	273
1924	1924
1925	223
1925	1925
1925	2439
1925	2610
1926	353
1926	1476
1926	1630
1926	1926
1926	2970
1927	1927
1927	1929
1928	772
1928	1928
1929	89
1929	1929
1930	250
1930	1930
1931	340
1931	364
1931	815
1931	1469
1931	1931
1931	2593
1932	1304
1932	1932
1933	1780
1933	1933
1934	746
1934	1934
1935	1935
1935	2667
1936	20
1936	51
1936	170
1936	282
1936	289
1936	413
1936	498
1936	810
1936	910
1936	1109
1936	1120
1936	1173
1936	1174
1936	1270
1936	1427
1936	1429
1936	1466
1936	1508
1936	1593
1936	1661
1936	1733
1936	1763
1936	1818
1936	1819
1936	1890
1936	1931
1936	1936
1936	1987
1936	2027
1936	2174
1936	2229
1936	2332
1936	2336
1936	2360
1936	2374
1936	2421
1936	2424
1936	2427
1936	2464
1936	2556
1936	2599
1936	2757
1936	2782
1936	2797
1936	2918
1936	2920
1936	2988
1937	344
1937	1937
1938	1012
1938	1938
1939	1005
1939	1939
1940	1940
1940	2373
1940	2730
1941	900
1941	1941
1942	1942
1942	2765
1943	1259
1943	1943
1944	1944
1944	2823
1945	1403
1945	1758
1945	1945
1946	1946
1946	2173
1946	2330
1947	1947
1947	2570
1948	235
1948	1088
1948	1948
1949	949
1949	1395
1949	1949
1950	1950
1950	2161
1951	1873
1951	1951
1952	1952
1952	2598
1953	1953
1953	2182
1954	59
1954	194
1954	293
1954	520
1954	702
1954	724
1954	923
1954	1438
1954	1954
1954	2571
1954	2831
1954	2980
1955	173
1955	1115
1955	1834
1955	1955
1956	564
1956	1956
1957	709
1957	1957
1958	1936
1958	1958
1959	1828
1959	1959
1959	2355
1960	1960
1960	2072
1960	2442
1961	1961
1961	2900
1962	1897
1962	1962
1963	1095
1963	1473
1963	1963
1964	1964
1964	2843
1965	541
1965	1965
1966	1848
1966	1966
1967	414
1967	1967
1968	1968
1968	2561
1969	1969
1969	2820
1970	700
1970	1970
1971	723
1971	1026
1971	1971
1972	1266
1972	1858
1972	1972
1973	6
1973	71
1973	346
1973	889
1973	1639
1973	1724
1973	1944
1973	1973
1973	1996
1973	2390
1974	1974
1974	2235
1975	1975
1975	2754
1976	878
1976	1976
1977	559
1977	1977
1978	1851
1978	1978
1979	992
1979	1038
1979	1509
1979	1979
1980	768
1980	1980
1981	1071
1981	1981
1981	2127
1982	1549
1982	1982
1982	2305
1982	2748
1983	188
1983	1435
1983	1983
1984	489
1984	1984
1985	140
1985	1985
1986	1324
1986	1856
1986	1986
1987	1571
1987	1821
1987	1987
1988	472
1988	887
1988	1232
1988	1264
1988	1291
1988	1682
1988	1974
1988	1988
1988	2219
1988	2326
1988	2761
1989	557
1989	611
1989	999
1989	1674
1989	1933
1989	1989
1989	2025
1989	2455
1989	2787
1990	1753
1990	1990
1991	1278
1991	1991
1992	1339
1992	1992
1993	671
1993	1993
1994	674
1994	1994
1995	308
1995	1995
1995	2098
1995	2954
1996	274
1996	1996
1997	151
1997	609
1997	1129
1997	1997
1998	1662
1998	1998
1999	461
1999	1999
2000	1526
2000	1657
2000	2000
2000	2324
2001	2001
2001	2752
2002	0
2002	139
2002	237
2002	252
2002	782
2002	1132
2002	1180
2002	1338
2002	1533
2002	1996
2002	2002
2002	2051
2002	2124
2002	2500
2003	2003
2003	2418
2003	2750
2004	1792
2004	2004
2005	80
2005	814
2005	1398
2005	2005
2005	2102
2005	2705
2006	1955
2006	2006
2006	2391
2007	1263
2007	2007
2008	2008
2008	2465
2009	610
2009	2009
2010	1507
2010	1623
2010	2010
2010	2730
2011	639
2011	2011
2012	1756
2012	2012
2013	1401
2013	2013
2014	3
2014	379
2014	1018
2014	1321
2014	1794
2014	2014
2015	1151
2015	1665
2015	2015
2016	837
2016	885
2016	2016
2017	1943
2017	2017
2018	446
2018	1016
2018	2018
2018	2401
2019	2019
2019	2343
2019	2888
2020	1501
2020	2020
2021	393
2021	903
2021	2021
2022	12
2022	1422
2022	2022
2022	2767
2023	996
2023	2023
2023	2497
2024	1664
2024	2024
2025	1144
2025	2025
2025	2777
2026	1512
2026	2011
2026	2026
2026	2899
2027	1042
2027	2027
2028	1739
2028	2028
2029	1389
2029	2029
2030	2030
2030	2915
2031	1608
2031	2031
2032	1204
2032	2032
2033	263
2033	723
2033	2033
2034	694
2034	1257
2034	2034
2035	31
2035	2035
2036	550
2036	571
2036	1048
2036	1170
2036	1619
2036	2036
2036	2303
2037	2037
2037	2419
2038	121
2038	2038
2038	2493
2039	1995
2039	2039
2040	2040
2040	2440
2041	1162
2041	2041
2041	2427
2042	543
2042	1835
2042	2042
2043	102
2043	1484
2043	2043
2044	1108
2044	2044
2044	2416
2044	2541
2045	137
2045	2045
2046	558
2046	2046
2047	433
2047	2047
2048	1244
2048	2048
2049	2026
2049	2049
2050	642
2050	2050
2051	1110
2051	2051
2051	2898
2052	1757
2052	2052
2053	542
2053	647
2053	2053
2053	2188
2053	2883
2054	1660
2054	2054
2055	528
2055	2055
2056	944
2056	2056
2056	2149
2057	993
2057	2057
2058	2058
2058	2156
2059	468
2059	2059
2060	768
2060	1989
2060	2060
2061	347
2061	844
2061	1585
2061	2061
2062	762
2062	869
2062	1689
2062	2062
2062	2295
2063	400
2063	2063
2064	2064
2064	2808
2065	957
2065	1667
2065	2065
2066	2066
2066	2457
2067	836
2067	2067
2068	2068
2068	2697
2069	2069
2069	2966
2070	402
2070	2070
2071	1432
2071	1567
2071	2071
2072	1986
2072	2072
2073	2073
2073	2320
2074	629
2074	2074
2075	1059
2075	2075
2076	963
2076	2076
2077	276
2077	1620
2077	2077
2077	2931
2078	1592
2078	2078
2079	135
2079	538
2079	989
2079	2079
2080	1255
2080	2080
2081	1337
2081	2081
2081	2544
2082	2082
2082	2211
2082	2586
2083	2052
2083	2083
2084	79
2084	834
2084	2084
2085	2085
2085	2610
2086	1787
2086	2086
2087	2087
2087	2853
2088	783
2088	2088
2089	286
2089	1636
2089	2089
2090	1309
2090	2090
2090	2589
2091	1961
2091	2091
2092	2092
2092	2261
2093	793
2093	977
2093	1076
2093	1102
2093	1204
2093	1229
2093	1791
2093	2071
2093	2093
2093	2135
2093	2687
2093	2990
2094	1314
2094	2094
2095	866
2095	2095
2096	1250
2096	1568
2096	2096
2097	877
2097	2097
2098	801
2098	2098
2099	1578
2099	2099
2099	2122
2100	2100
2100	2591
2101	1453
2101	2101
2102	814
2102	1504
2102	1924
2102	2102
2103	304
2103	2103
2103	2108
2103	2137
2104	1023
2104	1905
2104	2104
2105	2105
2105	2118
2105	2746
2106	819
2106	1144
2106	2106
2107	539
2107	2107
2107	2872
2107	2967
2108	1372
2108	2108
2109	49
2109	1103
2109	1170
2109	2109
2110	629
2110	1371
2110	1512
2110	1870
2110	2110
2110	2354
2110	2591
2111	1923
2111	2111
2112	1177
2112	2112
2112	2662
2113	934
2113	1343
2113	2113
2113	2128
2114	1547
2114	1550
2114	2114
2114	2275
2115	2055
2115	2115
2116	2116
2116	2254
2117	1808
2117	2117
2118	1718
2118	2118
2119	256
2119	2119
2120	2116
2120	2120
2121	1495
2121	2121
2122	168
2122	1685
2122	2122
2123	257
2123	2123
2124	1872
2124	2124
2125	1327
2125	2125
2126	1876
2126	2126
2127	348
2127	2127
2128	1287
2128	2128
2129	202
2129	2129
2130	1274
2130	2126
2130	2130
2130	2482
2131	294
2131	2131
2131	2279
2132	1454
2132	2132
2133	1054
2133	1554
2133	2133
2133	2265
2133	2582
2133	2913
2134	684
2134	1321
2134	1677
2134	2056
2134	2134
2134	2520
2134	2654
2135	2006
2135	2135
2136	944
2136	2136
2137	301
2137	2137
2138	606
2138	1892
2138	2138
2138	2961
2139	313
2139	2139
2140	2140
2140	2579
2141	720
2141	1921
2141	2141
2141	2551
2142	2142
2142	2175
2143	82
2143	136
2143	982
2143	1781
2143	2143
2144	1588
2144	2144
2145	1560
2145	2145
2146	2146
2146	2565
2147	1269
2147	2147
2148	2148
2148	2271
2149	1258
2149	1629
2149	2149
2150	635
2150	2150
2151	279
2151	1177
2151	1424
2151	2151
2152	143
2152	806
2152	2152
2153	43
2153	154
2153	267
2153	869
2153	1046
2153	1088
2153	1114
2153	1268
2153	1459
2153	1519
2153	1699
2153	1725
2153	1832
2153	2015
2153	2029
2153	2153
2153	2316
2153	2401
2153	2532
2153	2538
2153	2710
2153	2752
2153	2987
2154	2154
2154	2676
2155	936
2155	1158
2155	1700
2155	2155
2156	44
2156	423
2156	514
2156	622
2156	875
2156	884
2156	1057
2156	1096
2156	1126
2156	1197
2156	1226
2156	1256
2156	1320
2156	1365
2156	1773
2156	1877
2156	1951
2156	2115
2156	2156
2156	2287
2156	2320
2156	2323
2156	2339
2156	2353
2156	2357
2156	2755
2156	2824
2156	2985
2157	161
2157	626
2157	1351
2157	2141
2157	2157
2158	2158
2158	2856
2159	517
2159	1178
2159	2137
2159	2159
2160	2160
2160	2213
2161	1637
2161	2161
2162	244
2162	2162
2163	599
2163	1949
2163	2163
2164	2164
2164	2789
2165	464
2165	2050
2165	2165
2165	2411
2166	553
2166	2166
2167	1800
2167	2167
2168	288
2168	2168
2169	436
2169	533
2169	2169
2169	2692
2170	841
2170	1116
2170	2170
2171	19
2171	2171
2172	2130
2172	2172
2172	2380
2173	634
2173	1331
2173	2173
2174	1029
2174	1609
2174	2174
2174	2699
2175	1542
2175	2175
2175	2958
2176	2176
2176	2315
2176	2712
2177	411
2177	2177
2178	1860
2178	2178
2179	2121
2179	2179
2179	2912
2180	2180
2180	2834
2181	2181
2181	2714
2182	485
2182	2039
2182	2182
2183	2183
2183	2189
2183	2547
2184	66
2184	2184
2185	1641
2185	1756
2185	2185
2186	1259
2186	2186
2187	688
2187	2187
2187	2762
2188	597
2188	2188
2189	165
2189	690
2189	2189
2190	336
2190	2190
2191	123
2191	2191
2192	752
2192	2192
2193	787
2193	2193
2194	320
2194	2194
2195	606
2195	1183
2195	1217
2195	1400
2195	1432
2195	1894
2195	2195
2196	265
2196	2196
2196	2276
2197	954
2197	2197
2198	1225
2198	2198
2199	966
2199	2199
2200	2069
2200	2200
2200	2409
2201	2201
2201	2778
2201	2798
2202	953
2202	1861
2202	2202
2203	1843
2203	2203
2203	2425
2204	56
2204	2204
2205	597
2205	1544
2205	2205
2206	518
2206	2206
2207	1459
2207	2207
2208	1081
2208	1750
2208	2208
2209	831
2209	2209
2209	2688
2209	2922
2210	1890
2210	2210
2211	1225
2211	2211
2212	2212
2212	2911
2213	63
2213	1439
2213	2213
2214	102
2214	538
2214	1987
2214	2214
2215	641
2215	1079
2215	2215
2216	1838
2216	2216
2217	2217
2217	2820
2217	2864
2218	1434
2218	1519
2218	2218
2219	1598
2219	2219
2220	470
2220	1605
2220	1635
2220	2220
2221	1064
2221	2221
2222	535
2222	2222
2223	1582
2223	2223
2224	460
2224	934
2224	973
2224	1723
2224	2224
2225	978
2225	2225
2226	241
2226	2226
2227	2227
2227	2470
2228	1743
2228	2228
2228	2811
2229	895
2229	2229
2230	970
2230	1628
2230	1769
2230	2230
2231	1849
2231	2231
2231	2813
2232	96
2232	401
2232	2232
2233	300
2233	2233
2234	1149
2234	2234
2235	1793
2235	2235
2236	35
2236	100
2236	223
2236	272
2236	397
2236	461
2236	513
2236	751
2236	776
2236	955
2236	1068
2236	1116
2236	1196
2236	1318
2236	1460
2236	1479
2236	1482
2236	1670
2236	1699
2236	2016
2236	2236
2236	2578
2236	2764
2236	2805
2236	2957
2236	2971
2237	906
2237	2237
2238	1702
2238	2238
2239	2239
2239	2454
2240	2240
2240	2479
2241	93
2241	2241
2242	2242
2242	2830
2243	364
2243	380
2243	975
2243	2243
2244	2177
2244	2244
2245	604
2245	2245
2246	227
2246	1653
2246	2246
2247	1441
2247	2143
2247	2247
2248	2248
2248	2273
2248	2624
2249	569
2249	2249
2250	2016
2250	2250
2251	57
2251	434
2251	489
2251	502
2251	918
2251	2251
2252	2252
2252	2325
2253	2253
2253	2488
2253	2636
2254	415
2254	2254
2255	2186
2255	2255
2255	2819
2256	2256
2256	2629
2257	518
2257	1524
2257	2257
2258	1327
2258	1377
2258	2258
2259	313
2259	2259
2259	2640
2260	1971
2260	2260
2261	585
2261	756
2261	2261
2262	88
2262	1602
2262	2262
2263	70
2263	2263
2264	2264
2264	2777
2265	480
2265	1980
2265	2265
2266	1786
2266	2266
2267	226
2267	2267
2268	1252
2268	2268
2269	133
2269	1493
2269	2269
2270	417
2270	1584
2270	2270
2270	2619
2271	1044
2271	2271
2271	2354
2272	927
2272	943
2272	968
2272	1035
2272	1772
2272	1812
2272	2075
2272	2150
2272	2240
2272	2272
2272	2355
2272	2940
2272	2942
2272	2977
2273	443
2273	1291
2273	2273
2274	2257
2274	2274
2275	995
2275	2275
2276	154
2276	2120
2276	2276
2276	2616
2277	760
2277	2277
2278	274
2278	2278
2279	478
2279	2279
2279	2394
2280	1536
2280	2268
2280	2280
2281	1515
2281	1710
2281	2281
2281	2483
2281	2736
2282	2282
2282	2676
2283	2283
2283	2829
2284	1313
2284	1557
2284	1735
2284	2284
2284	2482
2285	35
2285	792
2285	1433
2285	2285
2286	1527
2286	2286
2287	437
2287	1715
2287	2287
2288	754
2288	1189
2288	1533
2288	2288
2288	2915
2289	2289
2289	2299
2290	1366
2290	2290
2291	897
2291	2291
2292	2292
2292	2640
2292	2822
2293	807
2293	864
2293	2293
2294	2047
2294	2294
2295	199
2295	2295
2296	39
2296	2296
2297	1332
2297	2297
2298	2277
2298	2298
2299	1829
2299	2299
2300	574
2300	720
2300	2300
2301	2035
2301	2301
2302	146
2302	2159
2302	2302
2303	780
2303	1884
2303	2303
2304	219
2304	998
2304	2304
2305	318
2305	871
2305	919
2305	1137
2305	1311
2305	1410
2305	2305
2305	2442
2306	709
2306	1356
2306	1522
2306	2162
2306	2306
2307	67
2307	2307
2308	1262
2308	2308
2308	2944
2309	2309
2309	2913
2310	912
2310	1910
2310	2310
2311	1060
2311	2311
2312	314
2312	2312
2313	1672
2313	2180
2313	2313
2314	1477
2314	2314
2315	2315
2315	2711
2316	686
2316	1863
2316	2316
2317	2317
2317	2838
2318	1912
2318	2318
2318	2979
2319	252
2319	1847
2319	2074
2319	2220
2319	2228
2319	2319
2319	2543
2319	2587
2319	2609
2319	2623
2319	2833
2320	748
2320	2320
2321	61
2321	1355
2321	2321
2322	1556
2322	1630
2322	2322
2323	1029
2323	1292
2323	2002
2323	2323
2323	2886
2324	84
2324	2324
2325	2220
2325	2325
2326	2326
2326	2921
2327	706
2327	2327
2328	425
2328	511
2328	1241
2328	2328
2329	2329
2329	2560
2330	559
2330	2146
2330	2330
2331	120
2331	1265
2331	1383
2331	2331
2332	422
2332	1633
2332	1691
2332	1715
2332	2332
2332	2468
2332	2695
2333	956
2333	2333
2334	1141
2334	2334
2335	2335
2335	2428
2336	395
2336	2336
2337	1145
2337	2337
2338	1357
2338	2338
2339	1539
2339	2339
2340	1525
2340	2340
2341	2318
2341	2341
2342	2342
2342	2375
2343	946
2343	2317
2343	2343
2344	103
2344	2344
2345	2345
2345	2656
2346	2195
2346	2346
2347	756
2347	1015
2347	2347
2348	2023
2348	2207
2348	2348
2349	427
2349	2349
2350	1139
2350	1445
2350	2350
2351	583
2351	1695
2351	2351
2352	797
2352	2066
2352	2352
2353	2157
2353	2353
2354	1650
2354	2354
2355	1893
2355	2355
2356	658
2356	2356
2357	1900
2357	2357
2358	1080
2358	1208
2358	2358
2359	1785
2359	1980
2359	2359
2360	2360
2360	2856
2361	445
2361	2361
2362	672
2362	1205
2362	2362
2363	115
2363	2363
2363	2917
2364	1589
2364	2364
2365	225
2365	857
2365	1375
2365	2365
2366	1448
2366	2260
2366	2366
2367	1357
2367	2367
2368	73
2368	302
2368	2368
2369	537
2369	2344
2369	2369
2370	247
2370	2370
2371	2371
2371	2375
2371	2945
2372	1167
2372	2372
2373	2054
2373	2373
2374	20
2374	2374
2375	247
2375	2375
2376	1663
2376	2194
2376	2376
2377	1256
2377	1345
2377	2377
2378	273
2378	715
2378	2378
2378	2599
2379	2379
2379	2422
2380	1531
2380	1576
2380	1970
2380	2324
2380	2380
2381	191
2381	2381
2382	1322
2382	1406
2382	2382
2383	2383
2383	2555
2384	1681
2384	1747
2384	2384
2385	277
2385	1450
2385	2385
2385	2649
2385	2853
2386	1652
2386	2386
2387	1010
2387	2387
2387	2463
2387	2919
2388	2388
2388	2474
2389	2218
2389	2389
2390	2390
2390	2463
2391	970
2391	2391
2392	7
2392	2392
2392	2985
2393	1915
2393	2393
2394	2394
2394	2574
2394	2976
2395	479
2395	1134
2395	2395
2396	744
2396	2396
2397	842
2397	1460
2397	1893
2397	1951
2397	2397
2397	2647
2398	515
2398	2345
2398	2398
2399	108
2399	2399
2399	2515
2400	37
2400	114
2400	169
2400	200
2400	237
2400	316
2400	321
2400	430
2400	477
2400	566
2400	740
2400	751
2400	819
2400	833
2400	872
2400	901
2400	911
2400	925
2400	946
2400	1045
2400	1137
2400	1373
2400	1404
2400	1409
2400	1464
2400	1469
2400	1503
2400	1529
2400	1625
2400	1650
2400	1669
2400	1721
2400	1784
2400	1887
2400	1929
2400	2083
2400	2204
2400	2209
2400	2297
2400	2398
2400	2400
2400	2423
2400	2495
2400	2592
2400	2605
2400	2774
2400	2814
2400	2923
2400	2941
2401	1208
2401	2401
2402	894
2402	2402
2403	342
2403	1240
2403	1698
2403	2263
2403	2271
2403	2403
2403	2448
2403	2540
2404	189
2404	249
2404	772
2404	909
2404	1132
2404	1246
2404	1247
2404	1499
2404	1866
2404	2043
2404	2363
2404	2404
2404	2614
2405	330
2405	1324
2405	2405
2406	1136
2406	2406
2407	2407
2407	2505
2408	2408
2408	2769
2409	1242
2409	2409
2410	232
2410	2410
2411	155
2411	186
2411	2411
2412	91
2412	2412
2412	2817
2413	1972
2413	2413
2413	2473
2414	2270
2414	2414
2415	1352
2415	2415
2416	2416
2416	2955
2417	1085
2417	1870
2417	2417
2417	2429
2417	2547
2418	601
2418	2418
2419	174
2419	1453
2419	1881
2419	2419
2420	1361
2420	2420
2421	2421
2421	2934
2422	458
2422	2422
2423	729
2423	2423
2424	627
2424	904
2424	2424
2425	2425
2425	2453
2426	818
2426	2426
2427	323
2427	2228
2427	2427
2428	843
2428	983
2428	1511
2428	2428
2429	532
2429	2429
2430	1449
2430	2430
2431	1254
2431	2431
2431	2991
2432	26
2432	888
2432	1312
2432	2112
2432	2251
2432	2432
2433	1889
2433	2433
2434	1907
2434	2434
2435	1421
2435	2435
2435	2779
2436	387
2436	2436
2437	360
2437	2437
2438	2146
2438	2438
2439	2439
2439	2478
2440	2440
2440	2633
2441	77
2441	98
2441	1752
2441	1943
2441	2441
2442	15
2442	1413
2442	1457
2442	2364
2442	2442
2442	2669
2443	1817
2443	2443
2443	2521
2444	736
2444	1572
2444	2444
2445	98
2445	268
2445	2445
2446	1049
2446	2446
2447	1795
2447	2447
2448	2376
2448	2448
2449	536
2449	2449
2450	1394
2450	2450
2450	2689
2451	1468
2451	2451
2452	1238
2452	2452
2453	809
2453	2453
2454	83
2454	2127
2454	2454
2455	713
2455	2455
2455	2594
2456	1284
2456	2456
2457	1248
2457	2457
2458	63
2458	2458
2459	138
2459	1284
2459	1888
2459	2459
2460	2460
2460	2793
2461	111
2461	1053
2461	2461
2462	1140
2462	2462
2463	288
2463	621
2463	2463
2464	2093
2464	2464
2465	2034
2465	2465
2466	1353
2466	2342
2466	2466
2467	2107
2467	2109
2467	2467
2468	722
2468	1475
2468	1673
2468	2468
2469	1016
2469	2227
2469	2469
2470	765
2470	2377
2470	2470
2471	1927
2471	2471
2472	1964
2472	2472
2473	1361
2473	2473
2474	440
2474	1168
2474	2474
2475	890
2475	2475
2476	1199
2476	2078
2476	2469
2476	2476
2477	74
2477	341
2477	2337
2477	2340
2477	2477
2478	1930
2478	2478
2479	1601
2479	2479
2480	1391
2480	2480
2481	480
2481	673
2481	1491
2481	2037
2481	2462
2481	2481
2481	2507
2482	576
2482	1157
2482	2482
2483	437
2483	1553
2483	2483
2484	175
2484	376
2484	764
2484	1012
2484	1192
2484	1340
2484	1484
2484	1570
2484	1917
2484	2294
2484	2484
2485	731
2485	2044
2485	2258
2485	2485
2486	760
2486	2486
2487	459
2487	2487
2488	1138
2488	1262
2488	2488
2489	1819
2489	2489
2489	2837
2490	2005
2490	2490
2491	33
2491	150
2491	2491
2492	1668
2492	2492
2493	1528
2493	2089
2493	2493
2494	1030
2494	1282
2494	1860
2494	2494
2494	2867
2495	1607
2495	2495
2496	1345
2496	2496
2496	2763
2497	2497
2497	2609
2498	147
2498	2498
2498	2984
2499	390
2499	2499
2500	1186
2500	1939
2500	2500
2501	1201
2501	2501
2502	28
2502	2502
2503	658
2503	1846
2503	2503
2504	414
2504	2504
2505	1556
2505	2505
2505	2729
2506	10
2506	2506
2507	1627
2507	2507
2508	1963
2508	2508
2509	2298
2509	2509
2510	254
2510	365
2510	1095
2510	1301
2510	2247
2510	2510
2510	2744
2510	2782
2511	1796
2511	2205
2511	2511
2512	399
2512	771
2512	2512
2512	2897
2513	2513
2513	2601
2514	36
2514	2514
2515	183
2515	285
2515	2515
2516	1778
2516	2516
2517	1540
2517	2415
2517	2517
2518	53
2518	2518
2519	60
2519	2519
2520	110
2520	300
2520	1747
2520	2520
2521	348
2521	2042
2521	2521
2522	1801
2522	2522
2523	205
2523	2523
2524	692
2524	1167
2524	1779
2524	2524
2525	1209
2525	2525
2526	650
2526	2526
2527	467
2527	1760
2527	2527
2528	2074
2528	2528
2528	2858
2529	1109
2529	2202
2529	2529
2530	373
2530	800
2530	1015
2530	1548
2530	2082
2530	2256
2530	2264
2530	2530
2530	2574
2530	2578
2530	2876
2530	2949
2530	2992
2531	915
2531	2531
2531	2995
2532	1179
2532	2238
2532	2532
2532	2831
2533	95
2533	1714
2533	2533
2534	527
2534	2534
2535	1220
2535	2322
2535	2535
2536	1001
2536	2536
2537	1991
2537	2537
2537	2665
2538	2538
2538	2661
2538	2824
2539	74
2539	1043
2539	2539
2540	253
2540	2540
2541	2541
2541	2557
2542	1418
2542	2542
2542	2670
2543	9
2543	2543
2544	481
2544	2544
2545	151
2545	1329
2545	2545
2546	687
2546	1407
2546	2546
2547	62
2547	87
2547	983
2547	1379
2547	2057
2547	2063
2547	2531
2547	2547
2548	50
2548	71
2548	90
2548	105
2548	109
2548	121
2548	131
2548	137
2548	143
2548	155
2548	157
2548	179
2548	202
2548	270
2548	272
2548	283
2548	287
2548	289
2548	292
2548	332
2548	340
2548	351
2548	377
2548	408
2548	431
2548	439
2548	516
2548	517
2548	631
2548	699
2548	784
2548	788
2548	852
2548	873
2548	893
2548	907
2548	935
2548	947
2548	1026
2548	1103
2548	1112
2548	1216
2548	1281
2548	1308
2548	1372
2548	1399
2548	1426
2548	1448
2548	1475
2548	1514
2548	1577
2548	1612
2548	1741
2548	1765
2548	1813
2548	1910
2548	1939
2548	2022
2548	2086
2548	2111
2548	2123
2548	2125
2548	2158
2548	2166
2548	2236
2548	2246
2548	2251
2548	2269
2548	2310
2548	2418
2548	2492
2548	2537
2548	2548
2548	2563
2548	2603
2548	2630
2548	2670
2548	2690
2548	2724
2548	2733
2548	2739
2548	2759
2548	2773
2548	2790
2548	2860
2548	2876
2548	2877
2548	2881
2548	2884
2548	2907
2548	2933
2549	2549
2549	2953
2550	242
2550	1408
2550	1410
2550	1492
2550	1598
2550	2175
2550	2487
2550	2550
2551	2291
2551	2551
2552	266
2552	2552
2553	2553
2553	2666
2554	1697
2554	1935
2554	2369
2554	2554
2555	403
2555	2555
2556	516
2556	2556
2557	2557
2557	2721
2558	1184
2558	2558
2559	890
2559	2559
2560	2560
2560	2745
2561	583
2561	2561
2562	1616
2562	1657
2562	2077
2562	2302
2562	2559
2562	2562
2562	2696
2563	1255
2563	1940
2563	2563
2564	1679
2564	2047
2564	2564
2565	138
2565	531
2565	812
2565	2565
2566	1142
2566	2566
2567	484
2567	2567
2568	127
2568	656
2568	2568
2569	1524
2569	2168
2569	2569
2570	1396
2570	2570
2570	2738
2571	798
2571	2571
2571	2793
2572	101
2572	2572
2572	2983
2573	1809
2573	2573
2574	238
2574	2574
2575	1711
2575	2089
2575	2575
2575	2731
2576	2003
2576	2576
2577	2577
2577	2850
2578	1379
2578	2578
2579	811
2579	2579
2580	2580
2580	2681
2581	2581
2581	2637
2582	352
2582	615
2582	2582
2583	1746
2583	2583
2584	1373
2584	2584
2584	2927
2585	1179
2585	2585
2586	1623
2586	2586
2587	2587
2587	2719
2587	2818
2588	430
2588	710
2588	1233
2588	1416
2588	2588
2589	2067
2589	2589
2590	1450
2590	2590
2591	1680
2591	2591
2592	1599
2592	1701
2592	2592
2593	208
2593	2593
2594	2594
2594	2808
2595	2374
2595	2595
2596	544
2596	2596
2597	567
2597	2597
2598	1853
2598	2380
2598	2598
2599	862
2599	1234
2599	1273
2599	2599
2600	1853
2600	2481
2600	2600
2601	2601
2601	2959
2602	1222
2602	2602
2603	157
2603	2603
2604	539
2604	2604
2605	483
2605	821
2605	1106
2605	1123
2605	2605
2606	1188
2606	2606
2607	515
2607	1370
2607	1629
2607	2607
2608	1874
2608	2608
2609	884
2609	2609
2610	122
2610	2610
2611	384
2611	1443
2611	1754
2611	2611
2612	438
2612	2612
2613	2289
2613	2613
2614	210
2614	438
2614	737
2614	1000
2614	1032
2614	1404
2614	1622
2614	1886
2614	1950
2614	2585
2614	2614
2614	2680
2615	1382
2615	1696
2615	2615
2616	741
2616	2616
2617	861
2617	1202
2617	2617
2618	1275
2618	2314
2618	2618
2618	2994
2619	2200
2619	2619
2620	2620
2620	2658
2621	540
2621	741
2621	2621
2622	534
2622	2622
2623	860
2623	1705
2623	2623
2624	1472
2624	2004
2624	2573
2624	2624
2625	2232
2625	2625
2626	214
2626	855
2626	2626
2627	1709
2627	2627
2628	685
2628	817
2628	967
2628	980
2628	1389
2628	1772
2628	2628
2628	2854
2629	2629
2629	2975
2630	630
2630	2630
2631	780
2631	1258
2631	2631
2632	30
2632	2632
2633	2441
2633	2633
2633	2697
2634	1982
2634	2212
2634	2586
2634	2634
2635	2102
2635	2635
2636	1231
2636	1681
2636	2636
2637	2637
2637	2939
2638	2222
2638	2638
2639	2300
2639	2639
2640	246
2640	821
2640	1236
2640	2191
2640	2440
2640	2640
2641	2378
2641	2641
2642	1551
2642	2642
2642	2889
2643	960
2643	2643
2644	2273
2644	2644
2645	1599
2645	2645
2646	477
2646	987
2646	1089
2646	2646
2647	627
2647	702
2647	1534
2647	1802
2647	2647
2648	1818
2648	2648
2649	928
2649	2649
2650	1194
2650	2650
2650	2967
2651	1156
2651	2184
2651	2651
2652	633
2652	2399
2652	2652
2653	473
2653	589
2653	611
2653	675
2653	711
2653	726
2653	811
2653	830
2653	848
2653	874
2653	920
2653	1022
2653	1383
2653	1678
2653	2170
2653	2248
2653	2428
2653	2553
2653	2554
2653	2627
2653	2653
2653	2674
2653	2692
2653	2815
2653	2880
2654	1083
2654	2654
2655	13
2655	2655
2656	75
2656	2656
2657	1133
2657	2657
2658	2625
2658	2658
2659	578
2659	2451
2659	2659
2659	2685
2660	2660
2660	2912
2661	906
2661	2661
2662	1451
2662	2433
2662	2662
2663	327
2663	444
2663	558
2663	1198
2663	1341
2663	1526
2663	2663
2663	2753
2663	2792
2663	2817
2664	1098
2664	1358
2664	2664
2665	2665
2665	2984
2666	175
2666	310
2666	2666
2667	948
2667	2064
2667	2667
2668	399
2668	1467
2668	1774
2668	1963
2668	2668
2668	2887
2669	856
2669	2141
2669	2669
2670	504
2670	839
2670	1252
2670	1273
2670	1708
2670	2670
2670	2747
2670	2828
2671	311
2671	1903
2671	2079
2671	2671
2672	17
2672	1799
2672	2672
2673	207
2673	2673
2674	1755
2674	2674
2675	169
2675	2649
2675	2675
2676	762
2676	1411
2676	2676
2677	236
2677	2321
2677	2677
2678	86
2678	2678
2679	1107
2679	1653
2679	2679
2679	2812
2680	2680
2680	2895
2681	72
2681	2203
2681	2681
2682	185
2682	799
2682	2682
2683	359
2683	1762
2683	2076
2683	2683
2684	2260
2684	2684
2685	161
2685	2148
2685	2685
2686	2686
2686	2781
2687	491
2687	2687
2688	670
2688	2688
2689	1837
2689	2446
2689	2689
2689	2751
2690	218
2690	447
2690	2690
2691	486
2691	735
2691	2691
2692	468
2692	952
2692	2692
2693	905
2693	1384
2693	2012
2693	2693
2694	1162
2694	2694
2695	912
2695	1812
2695	2695
2695	2847
2696	2024
2696	2652
2696	2696
2697	375
2697	2459
2697	2697
2698	624
2698	1253
2698	1849
2698	1953
2698	2698
2699	124
2699	1423
2699	2699
2700	1172
2700	1498
2700	1937
2700	2683
2700	2700
2701	1131
2701	2701
2701	2885
2702	1290
2702	2702
2703	2152
2703	2613
2703	2703
2704	1176
2704	2704
2705	12
2705	613
2705	2705
2706	1655
2706	2706
2706	2840
2707	184
2707	1193
2707	2707
2708	283
2708	2708
2708	2801
2709	45
2709	2709
2710	295
2710	2633
2710	2710
2711	774
2711	2711
2712	42
2712	2348
2712	2712
2713	1143
2713	1582
2713	2713
2714	1854
2714	2597
2714	2714
2715	1338
2715	2101
2715	2318
2715	2425
2715	2582
2715	2715
2716	669
2716	841
2716	1277
2716	2286
2716	2716
2716	2901
2717	500
2717	1049
2717	2628
2717	2717
2718	1285
2718	2718
2719	1490
2719	1514
2719	2719
2720	2720
2720	2855
2721	1866
2721	2045
2721	2721
2722	412
2722	2722
2723	38
2723	386
2723	1247
2723	2723
2724	1666
2724	2099
2724	2724
2725	1280
2725	2725
2726	1852
2726	2726
2727	1677
2727	1730
2727	2727
2728	2432
2728	2728
2729	942
2729	2729
2730	984
2730	2084
2730	2730
2730	2768
2730	2841
2731	478
2731	1916
2731	2055
2731	2731
2732	998
2732	2722
2732	2732
2733	1899
2733	2733
2734	130
2734	351
2734	2734
2735	315
2735	2504
2735	2735
2736	917
2736	2736
2737	1520
2737	1611
2737	2737
2738	2059
2738	2738
2739	835
2739	2739
2740	282
2740	836
2740	1039
2740	1937
2740	2671
2740	2740
2741	1831
2741	2741
2742	2148
2742	2603
2742	2742
2743	306
2743	1281
2743	2743
2744	1566
2744	2744
2744	2760
2745	119
2745	1926
2745	2745
2746	1238
2746	2746
2747	2018
2747	2747
2748	922
2748	2748
2749	880
2749	1970
2749	2749
2750	124
2750	2750
2751	24
2751	152
2751	166
2751	460
2751	588
2751	987
2751	1042
2751	1182
2751	1476
2751	1695
2751	1712
2751	1789
2751	1919
2751	1979
2751	2466
2751	2535
2751	2723
2751	2751
2752	193
2752	466
2752	535
2752	1451
2752	1982
2752	2752
2752	2944
2753	2753
2753	2981
2754	211
2754	416
2754	2754
2755	689
2755	1785
2755	2653
2755	2755
2755	2809
2756	343
2756	2756
2756	2982
2757	268
2757	2757
2758	2758
2758	2890
2759	251
2759	2759
2760	636
2760	1611
2760	2760
2761	1387
2761	2761
2762	2675
2762	2762
2763	663
2763	1227
2763	2763
2764	303
2764	2764
2765	297
2765	1011
2765	2352
2765	2765
2766	886
2766	1523
2766	2312
2766	2766
2767	441
2767	1122
2767	1301
2767	1719
2767	2702
2767	2767
2768	711
2768	1615
2768	2768
2769	2612
2769	2769
2770	925
2770	1639
2770	2770
2771	1569
2771	2771
2772	767
2772	2772
2772	2882
2773	2572
2773	2773
2774	2625
2774	2686
2774	2774
2775	1239
2775	2775
2776	977
2776	1360
2776	2776
2777	2238
2777	2777
2778	1031
2778	2778
2779	1316
2779	2779
2780	41
2780	196
2780	521
2780	902
2780	2780
2781	1606
2781	2781
2782	603
2782	676
2782	2782
2783	1912
2783	2783
2784	21
2784	1423
2784	1864
2784	2510
2784	2722
2784	2784
2785	964
2785	1961
2785	2785
2786	337
2786	1008
2786	1120
2786	2786
2787	1994
2787	2787
2788	2499
2788	2788
2789	159
2789	1417
2789	2789
2790	7
2790	2790
2791	1579
2791	1841
2791	2791
2792	1543
2792	2231
2792	2792
2793	739
2793	1270
2793	2793
2794	1507
2794	2794
2795	1156
2795	2094
2795	2795
2796	1307
2796	1788
2796	2484
2796	2796
2797	10
2797	43
2797	382
2797	599
2797	769
2797	777
2797	786
2797	1249
2797	1446
2797	1517
2797	1792
2797	2262
2797	2395
2797	2797
2797	2938
2798	880
2798	2798
2799	426
2799	2799
2800	2788
2800	2800
2801	563
2801	2801
2802	2036
2802	2229
2802	2802
2803	1779
2803	2801
2803	2803
2804	113
2804	2651
2804	2804
2805	488
2805	2805
2806	1855
2806	2806
2807	294
2807	877
2807	1126
2807	1168
2807	1601
2807	1775
2807	2172
2807	2807
2808	164
2808	2808
2809	128
2809	2184
2809	2333
2809	2562
2809	2809
2810	832
2810	2810
2811	2272
2811	2811
2812	1138
2812	2812
2813	1712
2813	2813
2813	2930
2814	598
2814	2172
2814	2814
2815	1760
2815	2815
2816	2816
2816	2840
2817	2693
2817	2817
2818	556
2818	2818
2819	125
2819	2819
2820	65
2820	2467
2820	2820
2821	2821
2821	2929
2822	1055
2822	2270
2822	2822
2823	1581
2823	1990
2823	2823
2824	656
2824	2372
2824	2824
2825	1485
2825	2689
2825	2825
2826	1436
2826	2826
2827	1113
2827	2827
2828	381
2828	2828
2829	235
2829	2829
2830	1859
2830	2830
2830	2845
2831	2198
2831	2831
2832	1649
2832	2620
2832	2832
2833	257
2833	383
2833	2833
2834	1550
2834	2262
2834	2491
2834	2834
2835	1501
2835	2835
2836	1693
2836	2836
2837	2837
2837	2870
2838	2404
2838	2838
2839	228
2839	618
2839	664
2839	881
2839	1037
2839	1094
2839	1304
2839	1424
2839	1594
2839	2010
2839	2018
2839	2415
2839	2436
2839	2662
2839	2770
2839	2839
2839	2934
2839	2949
2840	1934
2840	2840
2841	2743
2841	2841
2842	2192
2842	2842
2843	136
2843	1232
2843	2843
2844	549
2844	2844
2844	2865
2845	2516
2845	2845
2846	407
2846	2561
2846	2846
2847	1606
2847	2847
2848	499
2848	2848
2849	455
2849	2849
2850	2190
2850	2850
2851	926
2851	1215
2851	2731
2851	2851
2852	2351
2852	2852
2853	2117
2853	2851
2853	2853
2853	2987
2854	1449
2854	2854
2855	848
2855	1199
2855	2855
2856	724
2856	2856
2857	1770
2857	2244
2857	2615
2857	2857
2857	2935
2858	112
2858	1836
2858	2858
2859	2233
2859	2859
2860	909
2860	1240
2860	1411
2860	2551
2860	2572
2860	2860
2861	404
2861	2861
2861	2926
2862	312
2862	2862
2863	513
2863	1652
2863	2863
2864	638
2864	2864
2865	523
2865	778
2865	2017
2865	2865
2866	1994
2866	2143
2866	2151
2866	2866
2867	2522
2867	2687
2867	2867
2868	2084
2868	2868
2869	2514
2869	2869
2870	1741
2870	2870
2870	2875
2871	1160
2871	2165
2871	2871
2872	1133
2872	2872
2873	522
2873	624
2873	2873
2874	1401
2874	2874
2875	233
2875	2875
2876	659
2876	705
2876	1317
2876	1865
2876	1985
2876	2443
2876	2876
2877	1038
2877	2877
2878	1486
2878	2878
2879	160
2879	490
2879	644
2879	2302
2879	2430
2879	2699
2879	2879
2880	1047
2880	2113
2880	2880
2881	215
2881	2881
2882	621
2882	2882
2883	1932
2883	2883
2884	966
2884	2766
2884	2884
2885	1902
2885	2885
2886	1832
2886	1971
2886	2700
2886	2886
2887	316
2887	2887
2888	964
2888	1041
2888	2888
2889	2201
2889	2889
2890	371
2890	1483
2890	2890
2891	296
2891	560
2891	2891
2892	1161
2892	1328
2892	2892
2893	891
2893	1312
2893	2093
2893	2142
2893	2222
2893	2893
2894	2635
2894	2894
2895	2001
2895	2873
2895	2895
2896	1510
2896	2896
2897	786
2897	2897
2898	1570
2898	2140
2898	2898
2899	864
2899	898
2899	2387
2899	2552
2899	2899
2900	270
2900	936
2900	2900
2901	2623
2901	2901
2902	76
2902	132
2902	1210
2902	1479
2902	1751
2902	1942
2902	2902
2903	533
2903	2903
2904	236
2904	298
2904	796
2904	2904
2905	361
2905	512
2905	913
2905	1254
2905	1735
2905	2905
2906	134
2906	1430
2906	2798
2906	2906
2907	1093
2907	2907
2908	526
2908	634
2908	649
2908	1150
2908	1234
2908	2337
2908	2908
2909	733
2909	2909
2910	402
2910	1487
2910	2910
2911	61
2911	190
2911	2911
2912	2457
2912	2912
2913	933
2913	2913
2914	870
2914	1517
2914	2914
2915	2012
2915	2915
2916	1
2916	73
2916	1586
2916	2902
2916	2916
2917	712
2917	2917
2918	2795
2918	2918
2919	1070
2919	2919
2920	2432
2920	2920
2921	1655
2921	2112
2921	2921
2922	325
2922	2922
2923	652
2923	2177
2923	2923
2924	881
2924	2028
2924	2924
2925	14
2925	646
2925	757
2925	916
2925	1033
2925	1212
2925	1729
2925	1777
2925	2044
2925	2060
2925	2329
2925	2338
2925	2648
2925	2784
2925	2844
2925	2925
2926	1283
2926	2192
2926	2926
2927	144
2927	1671
2927	2927
2928	81
2928	1306
2928	2928
2929	675
2929	2929
2930	761
2930	997
2930	2930
2931	291
2931	2931
2932	1775
2932	2932
2933	1220
2933	2933
2934	969
2934	2934
2935	1675
2935	2935
2936	1769
2936	2936
2937	2099
2937	2725
2937	2937
2938	2842
2938	2938
2939	2879
2939	2939
2940	1739
2940	2104
2940	2940
2941	472
2941	2026
2941	2941
2942	1693
2942	2942
2943	991
2943	1548
2943	2495
2943	2943
2944	1687
2944	2058
2944	2944
2945	2816
2945	2945
2946	164
2946	378
2946	500
2946	2946
2947	492
2947	1684
2947	2760
2947	2947
2948	594
2948	2948
2949	254
2949	2949
2950	2702
2950	2950
2951	2194
2951	2951
2952	2682
2952	2952
2953	1481
2953	2953
2954	107
2954	850
2954	2811
2954	2954
2955	18
2955	2803
2955	2955
2956	2040
2956	2956
2957	2217
2957	2957
2958	2852
2958	2958
2959	945
2959	2325
2959	2959
2960	1006
2960	1586
2960	2265
2960	2960
2961	1573
2961	2961
2962	1146
2962	1737
2962	2962
2963	1452
2963	2963
2964	32
2964	2964
2965	60
2965	796
2965	2965
2966	2152
2966	2966
2967	941
2967	2967
2968	2365
2968	2968
2969	13
2969	2969
2970	318
2970	2970
2971	362
2971	1981
2971	2971
2972	1152
2972	2972
2973	309
2973	443
2973	547
2973	701
2973	963
2973	1478
2973	1995
2973	2237
2973	2973
2974	706
2974	1985
2974	2974
2975	356
2975	1766
2975	1915
2975	1956
2975	2975
2976	387
2976	2976
2977	476
2977	1124
2977	2977
2978	2592
2978	2978
2979	1212
2979	2979
2980	2245
2980	2896
2980	2980
2981	943
2981	2981
2982	2250
2982	2982
2983	442
2983	577
2983	2983
2984	329
2984	600
2984	1386
2984	2984
2985	794
2985	2985
2986	563
2986	2986
2987	1845
2987	2867
2987	2963
2987	2987
2988	2988
2989	2218
2989	2989
2990	240
2990	2990
2991	2267
2991	2991
2992	625
2992	1119
2992	1354
2992	2992
2993	2950
2993	2993
2994	726
2994	2994
2995	594
2995	1039
2995	1708
2995	1887
2995	2549
2995	2995
2996	2712
2996	2996
2997	1154
2997	2997
2998	398
2998	674
2998	2998
2999	33
2999	1928
2999	2999
