ER1000,r_hop_max-1-uniform,1
993 
953 
939 
935 
926 
920 
909 
907 
182 504 
179 282 645 906 
47 427 476 
858 
100 501 777 925 
798 
174 
63 140 242 404 421 578 597 616 835 
164 782 
193 370 453 738 
536 
156 756 
74 119 238 281 283 289 371 524 655 853 
168 235 360 649 751 
148 204 720 
417 894 
142 228 312 321 590 813 861 916 
137 224 545 677 789 
136 145 252 658 871 
133 450 452 567 881 
124 
132 
19 436 515 525 784 
116 
49 99 441 651 
109 
89 93 258 271 329 396 661 
208 323 872 
225 429 458 499 
38 202 304 358 465 475 478 487 517 609 942 
157 167 284 463 492 522 618 725 954 
98 580 647 664 759 801 932 
143 
564 639 
97 435 513 728 836 840 
534 
111 217 317 333 355 556 882 940 
814 
88 379 752 
345 428 731 
92 229 857 963 976 
68 272 422 670 770 803 845 874 
79 150 191 219 496 
20 
968 
77 141 201 294 888 892 
102 340 
57 462 637 
203 973 
316 565 607 849 937 956 
790 
127 344 461 537 676 
95 105 357 546 748 891 910 
82 108 205 211 403 451 526 541 714 716 831 
67 466 503 572 
144 
26 
163 305 
42 
23 134 181 257 399 705 761 991 
3 207 589 
236 255 786 825 
146 931 
22 230 373 424 456 889 908 
70 129 154 553 566 605 795 977 
44 121 957 
73 189 226 418 626 
28 185 237 264 265 300 309 395 538 638 644 675 742 768 787 793 828 947 980 
59 160 169 319 508 650 
175 277 822 846 
45 114 184 186 286 367 449 905 
24 368 722 
8 61 85 251 385 470 646 826 843 866 934 961 
2 493 955 
7 243 302 885 
0 48 636 671 
18 103 135 535 630 806 902 
173 520 724 886 
10 55 71 176 259 276 299 331 431 484 518 557 573 783 810 
21 292 668 
341 361 433 629 641 837 948 969 
15 170 187 326 375 455 491 805 950 
613 
688 
126 816 
318 
13 37 46 52 96 342 792 862 981 
101 159 188 239 547 741 745 771 983 
5 110 147 280 307 490 494 514 539 586 598 986 
25 75 172 296 297 313 425 472 530 555 635 699 841 903 938 992 
196 624 978 
343 443 753 984 
943 
122 213 972 
76 78 130 216 320 384 390 528 576 914 
162 405 599 755 
178 459 884 985 
315 506 746 
1 84 698 713 
62 199 391 394 
131 180 210 505 507 830 851 930 989 
27 
115 288 581 617 
120 489 552 621 660 896 897 899 904 923 965 
80 364 757 809 917 
54 60 419 622 632 919 
158 165 291 485 627 796 797 811 929 
72 151 620 878 
6 112 389 703 
56 365 
864 915 
975 
31 149 261 324 330 483 693 776 
815 
106 241 256 354 434 510 516 
30 694 911 
32 285 733 970 
128 734 
81 161 198 275 349 584 802 821 
64 246 409 471 587 695 735 762 808 859 966 
274 279 322 473 498 588 594 824 883 982 
39 247 558 
86 585 611 
14 267 
11 29 69 190 197 563 570 623 712 829 901 
550 
51 442 548 680 854 877 
678 876 974 998 
53 
107 138 155 266 293 413 
36 118 673 918 
34 383 502 665 819 823 988 
83 94 139 380 509 551 633 758 971 979 995 
4 377 689 
113 153 332 346 477 723 737 838 873 887 987 
215 868 
58 192 194 311 352 362 460 654 662 691 709 717 721 736 744 855 860 933 
125 
12 
65 687 964 
40 
200 232 350 486 542 577 779 949 
206 347 348 800 875 
209 351 411 474 839 900 
66 593 767 
314 
218 
221 
222 
575 
223 408 595 610 750 
402 
227 962 
306 369 533 946 
177 
90 104 245 353 602 912 
339 
234 253 684 730 781 
785 
240 
244 
295 890 
560 
847 
248 254 
833 951 
249 648 769 773 794 879 941 
50 
457 
43 87 269 310 412 497 568 666 
260 382 437 634 697 
263 540 
270 
273 387 592 628 643 710 944 
479 480 667 679 749 863 
726 
278 549 583 706 
287 366 
448 704 870 
298 959 
212 250 301 438 447 519 527 663 754 850 898 927 960 
308 
325 967 
426 
596 996 
328 
334 495 765 
990 
335 
171 303 529 867 921 
338 
9 
359 432 523 865 
35 166 454 612 659 732 763 766 812 924 958 
363 
152 183 336 631 657 791 842 922 
554 682 685 869 913 952 
372 640 
376 653 
214 262 401 619 945 
268 559 
378 400 532 582 
33 895 
561 
719 
381 392 
571 
41 327 374 440 481 579 686 740 928 
386 718 
410 
388 
195 681 999 
356 
393 423 606 625 672 727 834 852 
683 690 701 
804 
397 
398 482 604 656 707 772 
406 446 488 
407 818 
807 
414 444 
17 117 
415 715 997 
416 
420 
430 760 775 
439 562 
445 
936 
467 893 
468 
91 601 
469 
700 
500 
511 
512 669 
531 544 739 
608 
543 
574 
614 
233 521 603 674 696 817 827 856 
642 
290 
652 
692 747 
702 
16 
708 774 844 
711 
123 220 
729 
743 799 
764 
778 
780 820 
231 337 464 569 591 615 848 880 
788 994 
600 
832 
