ER12000,r_hop_max-1-uniform,1
11995 
11903 
11892 
11884 
11868 
11862 
11849 
11802 
11791 
11786 
11741 
11735 
11717 
11693 
11676 
11662 
11607 
11599 
11597 
11550 
11549 
11533 
11529 
11513 
11483 
11463 
11453 
11411 
11400 
11328 
11324 
11300 
11298 
11270 
11216 
11212 
11183 
11179 
11176 
11173 
11144 
11142 
11094 
11085 
11050 
11026 
11017 
11009 
11000 11881 
10997 
10995 11141 
10992 
10946 
10914 
10879 
10869 
10853 
10851 
10836 
10826 
10797 
10795 
10765 
10764 
10672 
10658 
10627 
10622 
10604 10963 
10583 
10577 
10572 
10559 
10535 
10670 
10507 11569 
10492 
10474 
10463 
10460 10681 11901 
10445 
10419 
10417 
10404 
10382 
10367 
10339 10900 11240 
10321 11542 
10307 
10297 
10290 
10285 
10284 
10282 10773 
10266 
10224 
10196 
10182 
10168 10322 
10135 
10062 
10046 
10033 
10030 
10014 
10009 
9989 10631 
9987 
9912 
9834 
9827 
9808 
9796 
9795 
9758 11935 
9751 
9702 
9663 9883 
9651 
9628 
9608 
9591 
9589 
9566 10905 
11482 
9563 
9546 
9519 
9506 
9505 
9484 11813 
9483 
9467 
9466 11710 
9460 
9454 
9397 
9368 10272 
9312 
9300 
9279 10679 
9254 
9251 10161 
9233 
9229 
9197 
9192 
9178 
9172 
9134 
9130 
9098 
9092 
9056 
9054 
8996 
8986 10280 
8982 
8974 
8971 
8948 
8941 10676 
8930 
8921 
8908 
8897 
8858 
8841 
8836 
9076 
8830 
8824 
8811 
8788 9765 
8772 10519 
9492 
8769 
8764 
9518 10655 
8734 
8732 
8731 
8716 9730 
8708 
8660 
8643 
8634 
8597 
8574 9473 
8564 
8539 9810 
8533 
8517 9927 
8505 
8489 9170 
8480 
8478 
8470 9063 9543 10349 
8467 8710 
8451 
8449 
8439 
8423 
8411 
8383 9047 
8380 
8352 
8350 11651 
11072 11963 
8331 10194 
8309 
8276 8918 11484 
8275 
8267 
8258 
8249 
8238 
8223 
8216 
8194 
8189 8865 
8165 
8150 
8145 
8129 10579 
8124 
8110 
8079 
8074 
8070 11359 
8039 9911 
8038 9014 
8022 
8017 
8015 
8784 9963 
8012 
7986 
7977 
7976 
7965 
7947 8222 
7946 
7942 10867 
7928 
7893 
7863 8260 11827 
7833 
7832 
7830 8867 
7829 
10755 
7820 
7816 
7812 
7804 10703 
7803 
7795 
7758 8701 
7756 
7750 
7741 7877 9241 11155 
7735 8177 
7730 8753 10192 
7722 
7713 8109 
7696 10668 11799 11951 
7675 7943 
7674 
7666 
7637 
7631 7927 
7617 
7593 
7578 8364 
7573 9667 9831 11113 
7559 
7543 9260 
7530 10834 
7519 11745 
7517 7702 8516 11544 
7510 8059 11375 
7584 
7500 
7496 
7483 11605 
7482 
7479 
7476 8686 
7465 7783 8689 11137 
7463 
7451 
7575 
7428 
7411 11146 
7402 8060 
7398 
7397 
7385 8337 8568 
7383 
7373 
7361 
7347 7714 
7345 
7322 11208 
7313 
7290 
7268 8211 
7252 11224 
7251 
7249 
7235 
7208 
7205 11406 
7199 11021 
7172 
7163 9680 
7157 
7152 10927 11196 11621 
7148 
7140 9613 
7139 
7110 
7101 8069 
7100 8668 
7092 
7071 8342 10236 
7070 
7069 8562 
7058 
7052 9103 11227 
7033 
7006 
6983 8450 9734 11083 
6981 7802 
6966 
6959 
6954 8684 9033 9147 9564 11474 
6934 
6927 9008 
6911 7135 8947 
6902 
6900 9816 
6873 10552 11187 
6862 7368 8157 
6853 10808 
6842 7229 8855 
6827 10582 
6825 11636 
6820 
6808 8998 
6792 
6781 
6766 10673 11025 
6763 
6758 
6756 
8010 9042 
6746 8280 10482 10786 
6828 
6728 9404 10025 10831 11059 11392 
6686 7937 8202 10953 11042 11709 
6655 
6641 
6630 
6620 
6908 7684 9771 
6605 
7908 
6590 
6574 
6561 
6559 11269 11585 
6554 
11771 
6551 7533 9119 9626 
6550 
6540 
6531 
6515 
8965 
6506 
6498 6879 9086 9645 
6475 7931 
6467 9184 
6466 6474 
6463 
6457 11447 11795 
7018 
6449 
6447 
6434 11852 
6425 8773 
6424 
6414 6656 9188 10525 11181 11251 11691 
6407 
9464 
6400 
7228 
6396 
6394 
6382 
6375 
6370 
6353 
6348 10689 
6347 
6330 
6328 11961 
7396 7564 
6324 
6321 
6906 
6306 7129 8665 11349 
6304 
6302 6337 
6301 
6289 6799 
6271 
6270 6518 6591 6626 7059 7539 8715 9135 
6217 
6194 
6175 6387 10491 
6158 
6142 
6123 
6120 
9919 
6118 
6117 7318 11037 
6107 
6092 6576 
6088 6209 6812 8123 10730 
6087 11891 
6079 7437 
6075 7022 8722 10329 10892 
6071 8159 
6059 7590 11316 
6053 10301 
6052 8215 
6049 7734 8035 8318 8391 8933 
6047 9836 
6046 8928 9913 
6036 
6032 
6020 7133 8749 9004 
6014 11049 
5999 6011 7178 
6307 7279 
5991 6444 8506 9469 
5985 8874 
5972 10129 10813 
5956 11188 
5941 6920 7254 8081 8832 
11829 
5938 6992 8910 10160 
5936 
5934 
5930 
5928 
5901 
5892 6692 6949 
5884 
5880 
5879 
5869 8730 
5854 6859 11726 
10287 
9886 
5850 
5841 
5836 11915 
5830 
8047 8814 
5827 8693 8979 11782 
5826 
5818 7742 8890 
5802 
5801 7374 
8760 
5796 
5775 
5766 6543 9239 10273 
5755 
5749 
7982 
5741 
5740 9594 
5739 6190 
5719 
5715 6823 11396 
5709 
6180 
5691 
5677 
5667 
5664 
5655 7134 9257 11535 
6786 
5642 
5634 
5632 
5623 7900 11047 
5616 11724 11982 
5611 
5605 10483 10725 
8590 
5594 9114 
5586 
5580 
5576 8895 
5575 11939 
5574 
5560 
5559 7082 9509 
5557 7529 7801 8163 8186 10683 11394 
5533 5986 
5524 
5522 6680 7047 8000 9263 
5513 6995 10151 
5508 8122 
5507 
5500 
11874 
5480 
11055 
5469 6637 
5467 
5464 
5437 10041 
5433 10452 
5424 6223 
1454 6162 6381 10044 
2307 8766 
1453 10414 
303 1354 1544 3446 4150 4824 5014 7393 8899 9757 
1446 4514 
1443 
1440 1466 4649 7599 7864 8952 
3125 4400 5608 6663 7565 
11632 
4815 
1432 
319 719 2815 5689 6768 9316 9412 9643 
4295 
2192 4857 6592 7935 10018 
1419 2298 5282 9703 9794 10523 
207 3751 4164 5219 7327 
10918 
6153 
1418 6520 8792 8877 9259 9471 9692 10497 11129 
1412 7922 
1408 1651 
110 2094 7126 8306 8358 8460 9061 9101 9142 9621 11352 
1403 2264 7412 8429 9497 9879 
1402 11367 
1398 
1396 7032 7308 10733 
1392 2583 11272 
1371 10660 
1369 1957 2488 4702 6616 7074 9099 10064 11923 
1364 9672 
1363 4705 5562 6753 9162 
6058 6779 
287 6436 7223 
2836 3333 4728 5397 7869 
3140 7026 7843 8417 9005 10305 10316 
5474 
3376 4537 5095 5159 11230 
8804 
101 340 1181 1730 8428 10162 11504 
1134 5492 6492 7910 8815 9163 10204 
144 3789 6570 11929 
1636 
1322 8220 9108 
1315 5154 6974 9045 
4214 
1314 2033 2807 4544 5118 6365 8256 9337 11803 
1531 5502 10796 
2838 3805 4557 9479 
1299 4131 4678 7531 9296 
1298 
8397 
1335 2597 5645 7458 8224 9921 10378 11565 11685 11902 
586 4068 7352 
1297 2236 2767 3441 6199 6652 9018 10422 11200 
2804 6184 
5028 
360 2301 4863 6572 8727 
1292 1677 3641 9674 
1976 2714 3541 4005 4012 8278 8595 
3589 
1291 2532 3265 3408 3827 5237 5811 7150 7685 9110 10243 10277 
431 973 5789 7467 11461 11507 11844 
3933 7532 
1287 5578 7504 8050 8187 10235 10792 
1278 1596 3146 5619 6664 6892 7243 9154 
1275 5997 8089 
4507 7245 7665 
1272 
1270 2323 7499 10975 11615 
1239 2186 5240 5690 6057 6215 7932 8294 8963 9107 10082 
1237 1517 2517 3819 4088 7926 10138 
2157 10534 
11582 
1235 5273 5472 6191 7480 11287 
1234 4510 
1226 3160 3439 3693 4454 4734 7522 8447 8723 9498 11062 11864 
1225 9996 
200 10500 
346 1077 2314 3872 5656 7102 8868 9231 9592 10436 
1559 
3257 
1203 3975 4889 5657 10837 
1201 1405 2125 2533 2661 3821 4243 4486 7341 8640 9345 9413 11863 
8289 
2069 
76 1280 3393 4059 8210 
1727 11559 
3330 6644 9993 
1220 10942 11478 
1189 1986 2799 3203 3488 4870 
3610 5445 5763 6775 6778 7121 7356 9676 10015 11159 
9416 10516 
1178 
1170 2110 2847 3756 3882 4365 6104 6332 6511 6568 6627 8500 8543 8711 9204 9572 10045 10772 
3960 
1160 2272 
6402 
1150 4250 6039 6239 7710 8540 9105 9633 11171 11488 
1868 7515 8296 8785 9988 11509 
533 981 4963 8834 
1144 7232 
1143 3165 3652 3837 4177 4737 4846 6782 7585 8312 8765 11045 11235 11640 
227 
1141 1905 5813 6635 9250 10722 
108 461 1302 3644 
1138 4310 7389 9294 
1135 1231 4178 4334 4432 4823 5266 8872 9145 9724 
9935 
5228 
1127 1140 1760 4490 10001 
6731 
1943 5048 5762 
1098 2788 7142 
1114 4951 7724 7831 
4167 6715 
1108 3177 7016 11213 11449 
1099 10619 11763 
6408 
1034 4094 6454 7826 
10536 
816 1045 2962 5015 10296 
1097 1469 6611 6977 
1095 2151 2269 5461 9355 
1091 1156 3846 4523 10839 11954 
165 
1131 8541 
1080 1774 3191 4534 6066 7035 7244 8593 10615 11702 
1085 2346 5712 5791 6029 6500 7940 8459 9409 11866 
132 11840 
1074 5426 
6745 
392 
1224 5993 10990 
1069 1439 8102 9786 11512 
1068 10021 
3324 4591 9838 
949 8492 
4999 
1061 7660 
1372 10336 11581 
1256 
145 2161 5330 8463 9652 
1846 11435 
2022 3360 5409 7636 8295 8822 9115 9375 
1052 2207 3031 4954 5481 8408 10377 
8257 
1051 
792 2056 7123 8466 
3601 8699 10544 11169 
1037 3563 9756 
1055 2919 5044 8321 10255 11750 
1027 6292 9182 
1026 
1116 6838 
1025 
1744 2514 3628 3818 4058 5590 7104 8440 10978 11157 11167 
10198 
1024 1102 1386 6251 7815 11090 11566 
1023 1638 1792 5523 11001 11883 
1152 9287 
1339 2385 3967 5396 
9737 
765 879 3496 6595 7774 8777 9408 9480 10411 11028 
1826 3199 5891 7921 10835 
1240 4736 7727 
3270 4845 8401 8828 
1008 2539 6918 
8398 8462 9914 
1000 3392 6446 8949 9742 11698 11848 
999 1551 11140 11351 
998 5418 6001 7073 9146 10438 
300 3986 
995 7502 9968 
4269 11510 
993 4485 4679 5750 6025 6925 7060 7923 9904 
2503 5307 7967 10728 
992 1516 2386 11604 
990 
6755 9183 
23 1452 3154 5212 6361 8599 9522 9959 10515 11424 
984 2324 2780 3003 4601 5271 7281 7898 8230 
983 1927 2937 3996 4966 5136 6774 7743 10240 
980 7466 9369 
979 2401 3383 9882 11921 
1430 2051 2423 2911 3811 4337 8648 9334 9606 11237 
1289 8235 9200 9485 
1481 7286 
976 3566 4646 6648 6795 7704 9481 9504 9617 9677 
1482 7056 8381 10209 11815 
2410 
974 8866 10649 
154 
8153 
115 655 8299 9051 9637 11207 11888 11905 11917 
731 1155 2167 2366 3334 3363 5090 6023 6323 10157 10682 10847 11221 
972 1089 1274 2738 3444 6841 9356 10308 
3889 8114 
971 
965 1316 2209 2534 9411 
1953 4909 10176 
2711 5868 8579 11198 
958 
920 2700 3672 5313 6564 7046 7498 7663 8310 8311 9743 11696 
954 4930 9972 11429 
594 
3239 3422 5329 8743 8862 8975 9711 
946 
10787 
2096 
1407 4587 4805 
943 6182 
4207 5306 5483 9558 
938 7218 7732 
944 9728 
937 2454 
1395 1938 3591 4044 4255 5301 5648 6143 6149 7881 7997 8300 11612 
947 2063 3438 5771 8553 9456 10355 
10522 
5519 
2403 2925 6469 7579 9458 10511 11403 
935 1081 1319 4581 6701 10311 10928 11629 
933 
1374 1706 3094 9862 
930 5442 6999 7424 7619 8213 9085 
928 1553 3860 4692 9073 
107 2166 5447 7027 7541 8472 9040 
2615 
916 2819 5016 5843 8641 8801 9697 11759 
11364 
914 991 5979 7272 9510 9955 
912 3657 4659 8556 
1521 1852 2645 2920 7001 
1589 2099 2520 2806 7664 8176 8430 8704 8983 10202 11619 
911 1700 1803 3235 6889 11419 
1267 4363 5353 6008 9903 
2416 3887 6204 8393 8547 
910 1477 2896 5037 6070 6410 9587 11431 11658 
7545 
1229 7469 
1732 3404 9840 10783 11259 
448 2947 5769 8008 
4779 
7196 11823 
905 
903 2458 5217 7211 
1790 2137 3724 3955 6953 
1616 2361 2381 4988 10141 11774 
901 1560 3013 3057 3670 5643 5948 6317 6566 7388 7955 10489 11793 11955 
899 
198 734 8625 11643 
897 2699 4181 11201 
1384 7005 
1496 2203 2470 4948 8610 9010 
4981 6160 8347 
892 4290 5372 6037 8488 8812 10709 
1534 5534 
2496 3613 7042 10019 11945 
4745 6262 
2331 5428 9059 
4530 
883 1715 3346 5078 5566 7746 10038 11034 
1002 4234 
6776 
882 2305 4235 7062 7358 8508 8627 
874 6534 6710 7879 
2330 
1448 1689 3777 5417 5653 7453 11728 
871 1729 6093 8653 
868 1177 4687 5225 5919 6010 6125 8179 8510 8781 10778 
9938 10567 
2138 3936 6876 11941 
4622 4722 
1856 4104 4531 5698 10447 
865 2214 5054 7206 7945 9688 10706 11672 
2024 4839 6985 7107 7488 9365 
6759 
1066 1863 5341 8906 9372 9960 
5172 
5349 6197 10908 
6284 
861 1171 2252 2841 5603 5974 7285 10762 
851 1679 5311 8151 10223 10281 11229 
289 4186 11304 
847 1952 2687 5143 
842 4006 5760 7324 7700 8116 8491 9191 
828 3747 7697 9109 
1413 3703 5208 5547 
326 
826 7969 
1786 2653 
2946 4026 4873 5145 6121 6432 7380 9347 11194 11687 
5860 
5323 
7767 
1426 
1128 1845 4093 6397 9292 
1158 1244 5098 5701 6720 8616 8754 11100 11491 
4422 5275 10930 
821 2184 5969 7980 9693 10078 11327 
820 6549 
41 9681 
2340 4149 9679 
886 2277 3943 7408 8244 10967 10974 11280 
818 
1264 
588 2160 3347 4391 4548 8103 
250 6503 9852 
382 3852 3862 4165 4765 9648 
11876 
811 3390 4123 4289 7348 9934 
823 2270 3193 4746 4775 4865 5839 9761 
2671 6538 
702 2976 5688 
8839 
1734 5013 5905 
808 1428 1794 2374 2573 3511 5542 5659 5845 7334 9800 10428 
6665 
571 2829 6442 9789 
801 6366 7127 9082 10897 
423 3938 4241 6621 7319 8138 10790 
6690 
1217 3098 4406 6151 7772 7871 11516 11588 
799 
794 872 1362 3760 4505 5032 5261 7726 8729 8900 10294 10352 
445 1720 4442 4770 5460 6017 7641 10606 11109 
4766 8917 
1467 2173 2506 3510 4145 5414 5908 7621 8372 9370 10293 
1048 2988 9725 11291 
1252 1511 1566 3305 4157 4656 6833 
791 1400 2441 3516 4641 8485 11312 
877 1176 1498 2406 3377 5465 5904 6373 7659 8386 
1475 2483 5621 5790 9670 
2727 3039 8158 11821 
3688 
788 1004 8315 9451 9815 10067 11199 11773 
2241 
2817 5980 
784 1416 1694 3033 4589 5525 7711 7920 9517 9647 10103 
2501 3294 5544 6912 7524 7651 
781 3416 3528 4358 6213 6638 7214 8927 9541 
5286 10095 
780 2115 9902 11489 
779 2098 7628 9535 
171 2749 6673 8143 8269 9201 11837 11981 11984 
1592 10558 
1003 1260 2631 3173 3200 4509 9206 9745 10467 
1507 2692 4025 9190 9348 9545 9875 9973 10154 10941 11257 11700 
774 1216 6510 10056 
1441 3635 7257 8602 
1183 5236 
772 932 2968 3722 8681 10985 
770 
2038 9538 10323 10695 
769 2544 3810 6645 6727 11361 
11855 
17 2832 3297 3533 10734 
761 773 1151 1262 1819 4552 6916 
540 3843 9807 11127 
1154 2665 2983 3854 4303 5092 7672 10533 
956 9475 
757 918 1836 2668 4189 
553 2628 2759 6140 9954 9958 
752 2364 2790 3508 4127 4628 4834 5305 7167 7839 8104 8263 9455 9858 10702 
7836 
1185 5453 10811 11440 
7219 
72 2286 3678 6303 6596 7305 7813 8869 
748 4246 8559 9593 
1277 2365 2681 4389 5682 5968 7354 9562 9720 
1269 
747 
745 9283 
741 2442 5411 7081 11464 
1107 9335 11084 
2702 
739 4664 10664 
737 3677 4351 6105 6982 8075 8782 
896 
3786 5322 7090 10913 
884 1712 2097 4271 
1674 4395 
733 
1770 2756 8063 
732 6430 9846 10545 11877 
729 1276 1458 2663 5094 8092 8420 9656 11331 11831 
10921 
440 2963 3015 3537 3744 4154 5444 5662 7191 11508 
1029 2479 2563 4004 5468 
8409 9321 10608 
854 4611 8324 10502 10560 
6055 
718 4899 5327 5772 6582 8980 9097 
5050 6631 7686 9994 
717 2713 3372 11841 11970 
923 9044 
712 3132 11667 
913 2521 3748 
6643 8797 8861 10100 
426 2630 3083 4642 6064 8432 11389 11537 
6208 9342 9433 10880 
2310 4961 10075 
4978 5820 7755 11130 
711 2050 2302 5549 
708 2930 3826 3987 4326 6316 8403 10264 11103 
46 7849 
704 
703 11011 11804 
701 1015 8473 9256 10117 
1474 1981 6487 11254 11744 
3812 7439 10173 
700 2230 4511 11116 
8697 
237 2088 4102 6021 6257 6698 8240 
4575 10964 10996 11472 
697 2589 5148 8567 11020 
1146 2490 2530 3627 4743 5190 7267 8904 
1236 9579 10592 
5736 7014 8341 9274 10263 
695 1781 2456 6192 8071 10509 
1253 1767 2383 2654 4307 7418 10581 10720 11120 11123 
670 671 1918 2212 4463 5115 6144 7040 7984 8139 10828 11638 
689 5685 5917 
1162 3128 4265 
44 3168 5863 6831 
7098 7644 
2031 2741 7907 9354 11420 
764 2903 4043 5683 7629 8592 10632 
1866 2262 2732 3391 5449 6318 6699 7417 9269 10503 10626 
1233 5103 6266 7757 9380 
1867 1936 2598 3647 4258 6849 9072 9245 11217 11390 11785 
2017 3556 3983 4750 5990 5998 6522 10106 
9855 
687 1470 2065 4021 4158 6544 10258 10269 10496 11524 
563 1968 2179 3319 7273 9414 10623 11618 
5783 7489 
686 7633 8371 9719 10205 
1631 8924 
682 1524 3721 4585 5025 5920 10810 11066 11675 
1084 9986 
678 4694 
4887 
10066 11124 
1076 
1393 9851 
1161 6132 
383 1040 4063 6122 7884 7958 8156 9062 
6806 8137 
673 1542 1603 1895 3739 4219 4376 5227 7555 10894 
684 2921 3539 
951 1569 3385 4626 6357 6938 7487 11012 
2013 2158 2656 3232 4106 4411 5008 7431 7718 9276 10115 10397 11253 
665 1993 7567 10829 11162 
10188 
1597 1928 2601 6490 
663 
4348 
1397 2575 2864 4291 5246 6220 7176 7655 8057 9405 10493 11608 
6868 11450 
2147 3848 8376 9773 
1019 
1370 5946 9931 
2464 6106 10944 
662 1246 1687 2524 3323 6336 7494 8149 11781 
4600 
1199 
1964 5680 
1471 5039 7076 10228 10972 11853 
1356 
7642 10843 
1749 4316 5848 6305 6772 9581 11688 
7370 
659 7120 
656 2091 3091 
299 
2990 
1422 6130 
756 1996 5194 7410 10711 10888 10979 
654 2851 4175 5299 
652 
1793 7791 10401 
7181 
651 2885 2910 5326 7694 9157 11315 
3689 5035 6062 7890 8284 8348 11192 
751 1218 2023 4384 9871 10372 11226 11546 11762 
648 7551 11671 
1445 
109 
4663 
647 1493 2979 3329 7146 
1776 3240 4639 4906 5635 6577 8094 8609 11219 11830 
643 2792 4620 
589 10906 
4117 7873 
642 2839 5022 5933 6780 8929 
641 3032 4752 7648 7691 
3119 5163 5340 
638 1678 2035 3247 3759 5651 7116 7602 9600 
809 3365 9165 9511 11704 
35 125 1042 1455 1808 2002 4876 5976 8064 9228 9971 11202 11246 
458 
634 3105 4038 4872 5600 9640 9714 11383 
9328 
1548 
27 1468 2345 3361 4113 
744 4633 
630 800 2261 3899 4814 4939 7097 7889 7934 8791 9574 10024 10983 11044 
1132 10855 
1668 
3758 4816 
5279 
623 844 960 3164 4259 4305 4461 6193 6283 7527 8227 9441 9980 10555 10605 11462 
2273 3865 9376 10902 
2434 7497 10000 
3001 
622 1436 5195 5798 6897 10315 
2242 3905 7690 9642 11477 
620 5666 6811 11061 11644 
617 4425 5668 6669 7253 8117 8678 9813 10754 11334 11536 
7770 8663 11705 
614 1932 5681 6610 6694 9567 10084 10868 
7472 
797 1461 2612 5515 8370 
611 6378 6536 7523 8049 9922 10707 11731 
1062 4618 4637 9325 
607 4342 6095 6431 7485 9266 10392 
3841 4238 10793 11999 
270 447 10531 11302 
2691 3156 5537 10791 
258 3970 7505 8967 11854 
40 3474 6275 7282 7426 11041 
2350 
771 2902 9819 
4888 8339 8679 9686 
5395 7779 8443 9629 11828 
549 6580 
259 
297 
4582 
2466 
2726 4810 8098 10089 11027 
66 667 1387 1586 3505 3768 4115 4268 6501 6826 7086 10083 10657 
921 2618 7222 
170 1032 1485 1989 2132 2498 2568 6221 7698 9616 9781 10415 
1804 3478 3651 
813 10756 
483 2351 2940 7153 7643 11730 
11824 
251 1105 3198 4030 5678 6426 7824 8776 9488 
1101 1205 2297 3995 4045 6411 7435 9849 10528 
60 2018 3123 5808 7400 
550 1431 1772 1820 5649 7688 8608 9979 11528 
5215 
536 576 1017 1208 2942 3230 4054 5106 6857 8379 9602 11897 
1255 8914 
8497 
406 599 1063 3946 4808 4924 5900 6793 7054 8245 8493 8902 10244 
2523 5971 6832 
4494 7892 8642 9019 
720 2044 3044 3465 4121 5639 7038 8011 10962 11249 11523 
680 1435 5882 6172 6389 7088 8790 10020 10262 
260 805 1787 4155 6979 7271 8481 10126 
3442 
4506 
233 743 4854 5180 6465 11940 
876 8521 
94 2150 2299 3800 4990 8796 8817 11943 
305 4099 4542 6418 8355 9856 
10473 
4002 
11879 
4516 11611 
632 1011 
245 6004 8819 
1271 2040 2777 3047 4777 5994 8615 
767 812 1172 1884 1966 3351 3522 4245 4819 4946 6310 7136 7275 8030 8527 9326 10884 11030 
2248 
1343 2245 
277 425 1306 1535 4982 5394 7004 
168 8726 
1070 5894 
9133 
5303 11674 
1139 3101 6129 9932 10331 
2231 3356 4501 6951 7582 8575 11976 
241 2834 3469 4850 5220 5828 9520 10594 
7240 
1282 1649 3460 4276 4580 5153 5291 6565 7128 8646 9406 10877 10947 11683 
8628 
4033 9749 9832 
522 4014 5287 7613 
453 4028 5950 8120 10002 10904 
8175 
1279 3249 4943 5675 6245 8915 11904 
5470 
815 
193 2219 3506 4288 5463 6961 9665 
1136 3527 4333 5858 5889 6937 7768 10863 
2712 
4232 
238 909 4285 4574 4584 5706 6356 6609 7592 10125 11397 11571 
1126 2399 5952 
2283 7301 
10462 
4473 6073 11002 
3718 3835 10190 
568 675 3874 5838 7429 8271 8511 8854 10424 11243 11633 
585 881 1106 3473 5042 5686 7670 8184 8611 10883 
228 786 9533 10589 
668 
2092 3049 8140 8198 8937 10748 11338 11933 
3526 5751 
12 39 2527 3868 4691 7508 9189 10620 
361 2439 3024 3572 3764 5817 6921 9212 
234 412 931 1104 1584 4320 4723 
6864 
6839 
1219 1865 3362 5185 8100 
1169 1294 1325 1438 6334 6600 11906 
231 275 785 1849 2557 3726 3998 4417 6877 9495 10200 11832 
381 2932 5550 
223 653 677 3059 3501 3877 6573 11131 11967 
2828 3325 7304 7915 9293 10889 11787 
1030 3197 3921 4168 5482 5512 5923 7493 10575 10840 
10042 
61 1930 2904 4856 6796 6874 8849 9459 
217 1887 10028 
5423 10050 
1417 1906 3409 5343 9420 9710 9910 11115 
498 6712 7391 7695 9313 10003 10099 
3554 4741 7712 11244 
212 8620 
3307 
796 3490 
479 1090 3455 4200 4950 11408 
209 4923 5191 5710 5738 6090 6358 7051 7438 10080 10881 
8546 
793 5922 9066 11496 
353 3268 3576 3952 3980 4388 4443 6754 7818 8461 
2347 11476 
2482 2716 6326 
4803 
1242 7627 
2290 3149 5539 7280 9158 9691 10403 
621 1840 2315 2317 2387 2676 2843 4890 5996 8335 10164 
526 2945 3288 3300 3632 8305 8367 10399 
755 1207 6377 7677 9112 11753 
1031 3313 
4109 
1349 1494 4469 5429 5865 7264 7771 9578 10391 10540 10698 
5265 
203 5110 
1057 1434 3029 6026 8747 9649 10225 11642 11789 
216 902 1310 3440 8677 8712 
9547 
1109 2154 3717 5804 7509 9603 10948 
1575 3653 3696 
1028 4347 5196 7778 7975 8878 9583 10893 
4989 
1473 9041 
11994 
5076 
265 887 1118 2655 2873 5724 9232 11486 11806 
1164 3378 4205 4731 6647 8221 8272 8759 9125 9754 10642 11410 11697 
1167 1425 2964 3964 6722 
6688 7845 8537 
3881 6499 8214 8645 10303 10802 
316 1427 1515 1834 3248 6535 6883 7906 11225 
1353 2144 2338 6905 7723 
192 2235 3895 4555 6226 7423 8844 9512 
5572 
398 
1709 1875 3782 4754 5506 6068 8426 8448 9521 9671 9685 10738 
3237 5226 
637 
186 1903 8041 
4382 9021 11122 
403 11593 
5058 8598 9248 9661 
281 2412 3762 3924 5814 7640 8594 11625 11778 
2605 3443 4621 8195 9253 11525 11655 
3299 
3914 
8400 
817 1086 1537 1628 3829 4057 5389 5671 5782 7394 7542 
1810 4338 4690 4861 10715 
274 3989 
464 838 2109 3715 5295 6542 7566 9847 10165 11016 11554 
988 1463 1754 3939 5577 
151 2460 3414 4773 5861 9128 
428 2243 6717 
4559 
6460 
290 7610 8115 9179 
1563 3136 3524 7478 
4448 5511 11305 11766 11960 
2935 3859 5391 7083 8569 10739 11347 
904 1746 2027 11455 
1714 5278 11294 11511 
178 1065 2126 2266 2440 4459 4567 8204 8208 8829 9740 9985 11916 
11738 
2491 2737 4504 8148 
557 819 2632 4944 10306 11564 
177 477 2772 3965 7384 7446 11768 
9359 11937 
176 2020 3997 7983 
664 1972 6342 8894 
315 380 2577 3067 3896 4607 5241 5607 7834 9284 9699 
230 898 11922 
661 1043 1756 4369 5487 6115 7878 8805 8848 9242 10956 11177 11666 
263 1053 5953 6809 11592 
208 2238 4095 4467 4569 7158 8043 8415 8833 9186 11911 
174 2111 2391 2639 5187 7186 8099 9315 10085 11502 
7131 
476 2899 
393 1900 2244 7673 8051 9489 9539 9915 
1215 6743 10759 
3327 3763 6369 9625 10498 
9990 
1035 1337 4605 5164 5188 6579 8554 8884 10216 10661 
666 1018 
172 489 2867 3023 3219 3903 4655 6371 8233 9180 9861 10628 10648 11428 11505 
9650 11664 
5768 
1394 9268 10304 
184 
6978 
2802 8705 9386 9531 11678 
1212 8452 
4962 
2295 3155 
9698 
2420 5124 5485 5909 6718 7993 8509 9823 
242 5250 6111 7455 
8997 10971 
846 1188 1595 2742 2967 3388 3458 5812 7653 8799 9925 
2049 
11205 
8905 
1460 5573 
8304 
1359 5256 
1058 4134 10113 10564 10629 11680 
455 
2879 3276 4385 6279 6489 11186 
4270 9860 
11015 
2121 10375 
246 2068 2823 2939 4718 5047 5063 6319 6563 7589 9622 10047 10690 11087 11979 
8531 
7190 
190 205 232 1892 4133 7657 8770 9582 11556 
4677 10860 
162 762 2390 3066 6103 
62 307 2334 2822 3994 8390 11962 
520 768 
11934 
2507 3714 5695 9319 10326 10486 11834 
4797 
596 2309 5604 8934 10740 
7078 
494 3179 3642 4945 
158 373 2043 2610 4107 5809 6729 8864 9155 9252 9437 9501 9695 
3126 
38 2791 5007 8479 11547 11584 
1437 4658 5049 6886 8247 8919 10433 11932 
4772 
7717 10187 
5937 9733 11248 11993 
1341 2912 5179 9888 10597 
9198 
1345 4122 4249 6569 7154 7278 9392 11381 11627 
402 5853 6256 8552 
148 2971 3850 5626 8212 10873 11008 
519 2508 8374 8631 10434 11320 
1529 2584 7247 7443 8154 
121 
3289 5262 9150 10431 11663 
7885 
6050 8483 
143 8013 
266 9706 9974 10669 
421 10453 11553 
1835 2651 3002 3543 5404 9388 10211 
2835 
100 837 2379 2522 3765 7085 
167 430 1088 1619 2291 2511 3538 4035 4101 5629 7314 7317 11119 
491 618 1941 
2686 
1157 2012 4748 7725 7841 11311 
6455 
3282 6325 7248 9644 10775 11139 
4849 6623 
443 636 1948 8378 
3540 
1385 3923 5052 6450 
9744 
329 698 714 1137 2956 5910 11313 
1942 2375 3092 4450 6240 6671 6988 
2768 4142 4426 7979 11307 
977 7063 9226 9841 
3661 
137 3753 5374 6248 8529 10805 10993 11038 
4436 5056 5792 9379 
11711 
709 7166 7404 9346 
9782 
591 2917 
2900 4143 4545 4919 6661 7470 7842 8487 8762 9790 11729 
2797 4097 11285 
55 4877 10495 11818 
9003 10970 
1571 1843 2913 5779 7449 9308 10870 11019 
10186 
142 283 1210 3379 5292 9049 10147 
19 
54 629 
486 
3241 4674 5274 6676 9020 11910 
11438 
7 5944 8464 
133 1970 3823 4141 6291 
6958 7462 7749 
3778 
1329 1599 1611 3127 4077 10328 
0 67 2256 3129 3930 7184 9899 
11314 
327 
2180 6851 11677 
3062 3357 4499 4836 
4602 7904 
42 1273 4482 4937 5232 6587 7299 7471 9630 10982 
763 4792 
749 5064 11555 
2222 11761 
2513 6312 11271 
4783 9729 
273 5233 
873 1555 2357 2715 2793 3402 3621 4934 4994 9152 10079 
351 907 3470 5221 6028 8040 10347 
1122 3303 7365 8806 9731 9896 
45 490 503 4031 4204 5210 5238 5564 5735 8744 10090 
365 1617 2666 2884 4112 4992 5730 6437 7646 7667 8657 11325 
2948 
1629 1913 2371 8082 
4991 6412 6462 7918 8172 9384 10590 
388 1072 2609 2816 2907 2923 10144 
1360 5168 
1308 1779 2288 2719 4060 4671 5270 7895 8016 9333 11080 11557 11682 
4218 5205 5916 9801 
364 1665 3953 8178 
1464 1465 1860 3638 3907 4197 7618 9718 9736 10789 
1737 4788 10959 
2122 3180 4774 8375 11245 
3806 4110 4120 5859 7024 
194 1367 1381 1626 10639 11732 
1 1862 1869 2986 4390 6219 10183 10662 11283 
505 3542 3624 8034 9707 10291 
9576 
2218 
368 2108 2487 7848 11299 
106 1163 2640 8068 
3166 
36 8779 11722 
1129 7793 
1415 5747 9936 10976 
8875 
4932 10512 
256 1320 2253 3464 4153 6512 8639 10319 10334 10400 10402 10442 10600 
1022 6178 9465 9962 
3315 4500 6391 6660 9007 
924 1340 2405 3287 3399 5407 7108 9660 
1245 4379 4617 5729 6133 9258 9713 
1606 2722 5173 10659 
59 721 7386 8960 
2263 3133 9431 
1020 2826 3535 6994 9081 
7744 9012 10237 10554 
2280 4521 7501 11076 
8751 
633 2389 3671 4472 5075 6777 8199 
25 50 961 7151 10310 10943 10957 
3870 
149 2972 3291 4324 8520 
5071 5346 6752 
29 1965 3331 4018 4653 7781 9344 10588 10780 
9022 
848 1290 2052 5121 5309 6006 6607 9177 
30 1961 4372 4672 5795 7611 9657 11896 
10705 11703 
433 1361 5298 5497 7149 7198 7891 10201 11326 11997 
240 3251 5234 7045 7811 9949 11918 
98 3435 3523 5161 7957 9401 11366 
843 7338 8254 9752 10593 
694 1433 2696 3143 8525 9418 9727 11135 
5875 
2081 2282 5723 5925 6045 6622 6767 11860 11971 
3934 
420 2010 2526 4072 6429 11156 
1174 
1036 2492 2538 2723 4091 8351 
2859 4483 5100 7796 9149 9540 9881 11386 
830 880 1330 3517 5581 10234 
658 3807 4452 5582 7183 8190 9159 10184 10858 11451 
179 1526 1851 3341 3732 4346 5242 5355 6527 6615 7608 9556 10271 
130 2535 3799 3844 5178 5432 
7421 
3233 
750 1259 1642 4252 4353 6354 7003 7474 7570 10207 10471 
301 1525 1750 3547 6443 7766 10587 
4029 
1082 2970 3086 3114 3306 4128 5133 5181 7310 10346 11416 
4907 5248 9415 
1983 3183 7475 11811 
8333 9398 10174 11727 11988 
845 963 7009 7782 8119 9596 
2058 5490 10055 11858 
5399 5734 9552 10625 11949 
169 1901 2591 2744 8691 
128 2978 4146 4266 5708 6108 6837 8344 8523 8840 9034 10634 
81 2408 
6339 
735 3609 6750 8359 
942 1071 11684 
574 1197 2800 3074 7867 8193 11734 11822 
1664 10656 
515 1908 2980 4105 5631 8482 9555 11836 
4744 5612 5718 7808 8994 
856 
10302 
7909 11286 
229 806 2205 5142 6552 7115 9090 9402 10362 11296 11387 
70 
508 5177 6033 
436 8802 10421 
197 696 1293 1947 2039 3577 5703 7492 8025 9394 10169 11309 11563 
604 713 798 2169 2433 3085 3113 4606 5102 5700 6824 9074 9156 9775 
6141 9978 
1120 5105 
541 6547 9281 
3018 6169 7409 9362 
8078 
160 855 9530 
1333 8667 
166 221 282 2670 3428 5780 7513 8416 8477 9088 9877 10105 10477 10710 
8999 
5638 
645 
153 548 4082 9244 9496 9678 10475 11372 
88 414 1640 2124 3467 4447 5350 5351 7399 7800 8718 10274 
891 4701 
2237 11209 
6415 
22 2322 5714 7971 8369 11342 11545 
118 2537 6525 7162 7899 8651 10384 
9802 
159 2102 2954 2974 3555 4901 5081 5526 6526 8048 9716 
328 6672 9195 10450 11252 
10298 
90 1833 3979 3985 7113 8062 8437 9024 9322 9513 10563 11659 
2393 5541 11966 
279 1871 3497 3902 4785 4995 5337 5561 7936 9926 10760 11348 
325 2046 2116 6567 6802 8336 9554 10330 10637 
11595 
3603 9213 
513 996 1168 2854 2880 3480 9835 
612 795 1173 1248 1598 1837 3150 4419 5618 6445 6464 9039 10891 11991 
28 3513 6156 7109 11989 
2985 
1153 
424 4096 4460 5381 6072 7901 11543 11575 
5625 
1854 4282 4431 4496 6684 9577 
9449 
344 669 3118 3615 4862 4903 5288 6957 7705 9430 10624 10635 10994 11783 11919 
3 1824 3454 4609 5170 6273 6419 6448 6599 7353 7991 10537 10743 11279 11284 11765 
3190 5800 
219 3112 3519 6785 7147 7603 7622 
32 1988 4522 10584 
2635 
1186 
3354 
1409 1859 2858 2892 3436 5359 6069 7787 9905 10430 
74 10524 11106 
10895 
4284 7442 
11 9599 
82 
1194 
985 1637 1909 1929 3495 4733 4916 6290 6393 7491 9436 10210 10395 
304 2206 2996 4479 10212 
13 
1313 
511 1266 3450 3694 3920 3961 6237 7560 8065 10799 11826 11930 
181 859 1561 2200 3423 3808 3871 4039 4047 4623 7210 9360 9717 11405 
3660 9635 
3418 4451 6706 8636 10585 
2008 2159 3712 4634 6161 6523 6612 7896 8733 8931 
2993 5167 7550 8036 11399 
4895 10469 
255 650 906 1184 2095 2113 3828 6870 6919 7064 9001 9929 10374 
2808 4332 4360 
945 6287 
456 4928 9006 10768 
5862 5878 6065 7155 7807 8624 9444 9732 10059 10232 10437 11613 11927 
31 2950 6703 10459 11756 
639 6674 8297 
4570 
68 5975 6368 7683 8328 8557 8889 10454 
372 3691 11878 
1230 1365 2616 3415 4174 11322 
222 
1717 
370 4217 
1980 4730 
210 1079 4668 5099 10935 
9 63 2621 4312 6773 9084 10215 10781 11487 11833 
613 
1821 2818 9565 10189 10451 
102 3205 3355 3405 4455 4885 5294 6286 6507 
5454 
524 
324 3120 3831 4294 
1878 11652 11887 
463 4517 11274 
475 1323 1585 3104 3279 3885 4938 5383 6435 8083 9071 9957 10912 11656 11990 
4434 7405 9214 9872 
9837 
58 374 2745 5583 7962 
1251 1326 3620 9139 10721 
1192 
417 
2258 5702 5803 7000 7792 8316 9658 9806 10680 10774 11370 
336 5400 7486 10931 11096 
64 96 2152 2536 4315 8080 
691 822 3578 5624 7379 11091 
6084 
1514 
2774 3026 7068 9013 9549 10484 
608 1492 3260 5408 5870 6880 7844 8206 8266 8748 
183 2079 2890 2927 5520 5622 6329 8945 10259 10939 11108 11434 
575 919 11572 
15 3731 4001 6914 6928 7343 7503 9096 9141 9950 
48 1198 6423 10601 
173 4648 8551 10340 11264 
4975 5186 5375 7568 10054 10448 11402 11713 
1305 2871 
2580 
5388 7283 8273 9429 
802 2611 3058 7328 
89 833 5886 9551 10917 11538 
1519 3927 6708 
2413 4984 5415 7911 9817 
1054 5963 7888 
742 5091 6236 6860 9381 9493 9917 11211 
578 1196 2765 8360 9427 9614 10150 11071 
4739 6863 
4184 4491 5614 8228 10221 11499 
318 2512 2728 2786 3245 4869 8327 8524 9636 
3099 6441 6740 7587 8014 8474 8863 
4354 
790 
188 499 2472 6076 
1021 4210 6502 
161 
569 
7258 
849 3684 3697 5357 7294 7516 7716 9442 10361 10874 10903 11022 
26 114 1005 1623 1858 5051 5727 6081 6403 8045 
4345 
220 626 1914 3618 6281 10911 
418 6640 7094 7326 8133 8494 8528 11418 
87 1738 3813 3957 6895 7616 8972 
285 804 1046 3878 4062 5554 6952 7886 11953 
292 858 3682 6234 
3544 
4763 10538 
2229 6670 9532 
146 5471 5558 8277 8436 11024 
1195 
37 2112 2556 3115 3290 3664 9246 10197 10845 
3707 5229 7080 9126 11098 11340 
4230 7448 11341 
624 2032 2400 4213 4497 4974 8775 9374 10542 10678 
561 
334 758 2706 7298 8431 11003 
298 1745 2755 3988 6571 7164 9553 9618 10532 11345 
1111 6054 
116 7020 10859 11737 
313 3581 5149 6082 6814 7870 8923 9524 9850 
225 468 3698 6683 9267 10265 10276 
65 598 
14 940 2955 3673 4902 8319 8421 9153 10517 
1059 1257 5516 
117 692 2866 5753 6159 6764 10909 
1075 4681 4698 4753 5020 5026 5456 7132 7311 8752 11894 
8821 
727 1444 4540 5402 
5202 
510 1328 1939 2649 3269 3867 3982 9017 10882 11532 
272 441 1442 2587 2862 4688 4947 8329 9301 
1567 3231 4051 4686 7263 7270 7329 7760 9057 10757 11851 
1265 1348 1404 3350 4732 6027 7224 9385 11210 11514 11974 
43 182 640 2278 2623 3692 3730 6422 6742 11964 
196 343 1861 1877 3272 4066 4933 5249 6458 6682 6716 8604 8823 9542 10671 
587 836 1661 1873 3484 4180 7789 10012 10325 10426 11310 
206 7372 8512 9453 10065 
3794 4169 10803 10910 
129 1300 1971 3845 4185 5784 6002 7226 9824 10060 10256 
3147 3814 6139 6970 8424 
4794 6984 
3929 
6344 
2751 3332 6997 9768 
1817 6931 11985 
97 386 3283 6386 9595 
1124 3687 4616 5171 6532 8314 9964 10170 10490 10788 11170 
135 141 8457 11215 11439 
2893 6015 8545 9255 
625 1788 4968 5754 9448 11029 11757 
4912 
1399 2710 2992 
78 2332 7315 8662 10674 
2367 8887 
9358 
610 
5438 
211 385 1227 8530 
1130 5038 5528 6338 6843 7459 10876 
138 3080 5277 5628 6521 7182 7269 
5822 8203 
552 2089 4669 5493 7561 
11779 
422 2333 
252 2494 3227 
91 
7055 
1318 7277 
3368 9772 
893 2647 3531 4527 6747 9424 10961 11914 
322 3675 
95 405 3429 4350 7652 8534 11950 
2874 3752 4647 7095 11260 
187 347 7748 
1145 3224 4464 7371 9137 9833 11958 
2450 
631 
119 7737 9148 11231 
6413 
271 555 2747 3816 3856 4538 4643 5122 5788 5939 6086 6667 8018 8669 9991 10004 11063 11558 
21 401 5644 5921 7654 7720 10446 
7595 
57 1940 5368 5430 6233 7806 9812 
2120 4108 5302 8670 9434 11653 11846 
1238 3349 3562 6633 7809 8131 10607 10693 
3890 8053 9091 10396 
53 3167 7201 11018 11121 
529 5448 5654 
122 6116 
124 4929 6472 
1304 2014 
857 3301 7217 9217 
6165 7855 11794 
1502 2431 11234 
204 2863 3830 5613 6131 6230 6308 9864 11867 
195 214 2054 6201 6891 7010 9940 11856 
400 
16 538 1228 2646 4477 5002 7293 7794 8563 11161 11522 
532 2987 4784 7635 7821 8454 10777 
134 581 3139 4394 6007 6340 6675 7954 8476 8893 9026 9627 10220 10932 11111 11393 11908 
870 3569 
546 1202 3546 5126 5331 5732 8683 8816 8846 8920 9683 10250 
580 1839 2062 3048 3394 3706 3978 4306 4925 5367 5371 5978 6546 8954 9638 10260 
131 
10981 
3006 3274 5915 10712 11889 
284 3598 7875 
1449 1995 2754 3089 5325 6989 9612 10899 
4003 
147 1388 2468 3459 3950 5197 5663 10968 11872 
286 482 1214 1411 1554 1847 2669 2860 4880 5235 7964 8101 8837 9525 10478 11256 11880 
1113 6845 
530 978 
982 1711 2117 2354 3574 7215 7415 7576 
2208 
6741 
2644 6505 
941 9031 
1268 2840 3381 5119 
308 7333 9550 
2335 
5932 
288 2057 7007 8916 9689 10480 
9117 
693 
4900 4921 5596 7518 8121 8433 10373 
291 962 5144 6124 9639 
1614 
679 1643 3130 6613 
518 635 1410 1692 1722 2227 4071 6388 7111 
293 1060 3021 3749 5213 6211 6709 7639 7761 8558 8768 10390 11670 
1766 2685 2709 5176 9199 10508 10616 11603 
2019 
1332 1728 5012 6278 6309 6606 7681 7852 8033 8957 9373 
85 1009 3452 5553 11138 
2789 4592 5108 6085 6114 6904 7002 9144 10767 11053 11647 
835 
2876 
528 6269 9892 
295 562 3318 4650 5152 5567 6235 8787 9060 10696 11051 
99 1263 2721 3550 5962 7733 10465 11236 
449 7028 9984 10155 
736 4190 6048 6705 11645 
850 5786 8860 
191 224 5140 7265 7537 9127 10951 
1450 2865 9624 
895 1829 1937 
302 777 1209 1797 3176 4061 4636 10513 10688 11128 
564 5174 5692 7719 10363 11975 
11706 
1690 9967 10107 
7759 
3883 5646 8002 9023 
306 1946 2674 6173 7763 8287 8581 8881 11485 11548 11596 11983 
3343 
4084 5617 5945 6293 6634 7165 7336 8911 9371 11070 11297 11754 
310 4853 7234 10633 
311 1538 1588 1916 2811 3344 7924 9210 10435 
582 1078 1093 5973 7630 10529 
2617 
605 4222 4503 4747 5521 6558 6662 9120 10152 10841 
1919 6830 7118 9762 10806 
52 269 3038 4248 6560 8056 
1142 3041 3690 5436 6126 8724 
1223 2467 9557 
521 1006 1624 2156 2704 3184 3453 4712 8029 9025 
1974 
1773 4996 5781 5903 6614 7420 7425 9887 11694 
2188 3737 
112 8406 9078 
2889 4318 4735 6618 7367 7754 8587 9352 10547 11374 
8326 
317 8009 
997 1708 
5364 7366 
470 1731 2078 2965 3820 8742 9306 10785 
2429 
3264 9140 10016 
936 1087 1307 2239 2303 3926 6244 7456 8090 8395 8654 10506 10610 11495 
523 2061 2541 4835 8856 8903 9584 
5244 
492 2766 4156 5929 7227 7989 8570 9755 
619 766 2265 2856 5777 5951 5959 7106 11654 
544 867 1204 1998 2929 3222 3226 5347 8128 8490 11335 
11442 
1377 2689 3310 3398 3487 5531 8735 11764 
331 606 759 1010 3097 7021 9438 10179 
1647 
2528 8061 8706 9750 11614 
1041 4032 7693 8382 10850 11184 
2148 2233 4657 4881 8739 
551 852 3659 5116 5192 5517 5545 5551 6134 8004 10342 11110 
1472 7902 
2162 3650 
2086 2462 5019 5107 5955 6651 6657 6695 7187 7204 9682 10120 10663 11441 
2545 3244 5267 5926 9249 
5089 11560 
235 8859 
333 1490 3564 3984 5602 6555 9419 9536 10312 
1536 1577 2463 4632 6043 6878 8340 8995 10091 10823 
11530 
3607 
841 5459 9095 
3204 7680 
404 2448 3386 3966 7854 10732 
5982 
450 
337 681 3463 4254 5410 5696 6056 7025 7189 7262 7859 9215 9271 10617 11134 11790 
338 955 
1462 2352 6246 6869 8027 9106 10691 
339 462 1698 5268 
2853 6427 8755 11760 
5088 7939 
6794 
728 915 6575 8750 
341 10977 11107 
2204 4203 5272 
3503 3599 3612 8713 8987 10887 
531 660 
10040 
345 
3256 
6760 7125 9715 10727 
539 1673 9100 
4011 4076 4304 6297 6585 10261 11354 
3588 6829 9118 10546 
268 
103 226 6327 7919 8809 10924 
1666 3212 
349 8453 
862 1645 4319 6714 6955 
350 615 1327 2629 3284 6367 7605 8141 8720 9275 9307 
3352 5336 8252 
934 
376 787 1247 1456 1478 3866 4466 5509 5855 7117 8827 9588 9741 10314 11598 11712 11893 11938 
243 3152 5263 9561 
352 2394 5787 
10958 11153 
335 2624 2736 3087 4397 7959 9694 10278 10988 11444 11886 11946 
2798 7434 
354 3901 6598 10969 
807 1346 1382 1879 2567 5477 6181 8200 8270 8292 8789 9499 11238 
1705 2748 6653 6844 6881 10852 11277 
959 2296 3122 4049 4915 5501 9470 10782 
357 2725 4202 10017 
9202 
1702 1798 2285 3407 3776 5342 7037 7765 
6856 
239 309 964 1545 1635 5113 7883 11355 11443 
24 2936 6078 6789 7604 7798 8052 9907 10068 10520 
454 966 1073 1429 3512 4573 7034 8226 9075 11567 
10037 
358 5650 7011 9948 10441 11454 
6241 
4118 
10214 
6346 
1748 1883 
542 1811 1898 2574 3016 4859 5510 7339 7903 11973 
11669 
1261 2991 4640 7119 9664 10031 11660 
3068 6929 10817 
84 247 3483 6189 8236 11661 11755 
2973 
366 
863 1331 2830 7194 7851 8442 8698 10973 
724 1949 7534 
1701 2016 6771 11180 
367 6836 
3584 11715 
840 1286 5885 8026 8600 9383 
2952 5328 5797 7661 
369 1591 2101 2373 3051 4942 6267 11075 11369 
1050 3109 4462 7952 8407 8675 10254 11398 
6272 7624 8134 
5947 
1568 7949 10613 
451 1762 3019 11073 
8357 
1420 8286 9783 
371 4211 5457 7171 8680 
5458 7193 7872 8282 10233 
375 953 2424 2603 9037 10370 
377 
6164 7292 8077 
1044 1123 1997 3629 3904 6091 6852 6935 10427 11965 
1549 2447 4782 5324 5758 7036 7978 
4074 
384 10741 
3911 5393 9763 10612 
10148 
387 
1550 11228 
157 
390 
1658 2518 2833 3755 5847 6051 7614 10257 10279 11255 
514 4855 5283 7882 8661 9121 10833 11526 
3417 8066 
1283 1379 3968 8629 
395 3708 4568 
10409 
583 4428 6624 9357 
202 1954 
4322 6428 
396 2251 6349 
439 
105 597 1716 4917 6524 7168 9569 11574 
730 989 4424 4615 5030 6917 7237 10226 
4367 
1159 3710 
535 3932 6285 6482 6991 8322 9317 9956 10027 
570 778 3802 4055 4380 6810 9422 9611 10008 10048 10208 10717 11708 
1296 2084 2430 6761 8566 11391 
4325 8549 10380 10769 
11332 
3389 6548 
104 1376 1691 2325 4209 5129 7377 8738 9016 9900 10916 
6 782 2595 4080 8303 9476 9708 
407 2143 2293 4292 7079 7287 11147 11427 
1401 4278 
409 9143 
2226 2898 4378 5096 6990 7762 10158 11172 
2176 5679 7650 9947 
264 832 3061 5543 10901 
432 7956 7960 10010 10798 11079 
2070 5045 
1459 2561 2878 3683 4199 4301 5401 10821 10854 
1373 6539 8217 10406 
7662 8688 
411 803 1096 1809 2048 2074 6744 9219 
559 2785 6157 9318 9323 11292 
415 2418 2500 6261 8219 8901 10393 11160 
699 829 1112 1115 1451 3322 3676 5911 8601 8973 9655 9675 10032 11649 
7342 
1147 10217 
939 2372 6031 9690 
3462 5239 9894 
3568 6476 
975 3654 4092 6100 8692 9760 11360 
434 5864 10289 
2602 4144 7473 
7780 
6697 
1355 
969 5630 6481 8097 10556 
435 1894 2998 4759 5284 5857 6044 8507 8988 9537 10175 11218 11278 11480 
47 2677 3769 5943 6884 8334 8925 10746 
437 3359 5699 
348 6608 
438 
1165 1249 1582 3267 6096 8652 
3954 9666 10771 
442 3990 8992 
723 1751 2997 3340 3770 4361 4830 5077 5935 6529 9289 9878 11033 
900 2891 5849 6294 7917 10510 
444 3570 6556 10057 
3214 5003 7179 11197 
3278 5473 
1250 4610 11875 
201 2404 
814 
410 4533 
573 4019 4787 5761 9820 11521 
6815 
485 3157 
457 
155 1366 5970 6941 7331 8152 11088 
1641 
2077 
459 1902 3686 4161 8728 9999 11845 
4583 5503 7381 
10109 
3719 
465 3037 8876 11357 
1133 1423 2349 4706 4979 6807 7857 9216 10750 11151 
1213 4956 
261 968 1389 2957 4562 5744 8561 9332 9400 10131 
466 2289 3011 3431 7124 8441 8981 
2733 6024 9029 
1338 3209 3479 11689 
3370 
593 2041 3500 
321 
478 4807 5518 6976 8185 8989 
5214 
120 6603 
469 3931 5259 5319 6077 7050 11742 11819 
3851 
481 2172 
2306 9310 
471 1533 1618 2784 4229 6668 7786 10171 
2572 4223 4502 7776 
3548 
472 754 3186 5134 6965 7057 7992 8418 8526 8700 9780 
1288 1301 2380 2469 2634 3941 5819 7912 8513 9848 11541 
474 3699 10353 10878 
7041 
556 690 2004 2958 5693 5810 10333 10749 
480 1758 3884 5209 5571 6383 6440 7360 8445 9797 
342 1984 3293 3973 6098 6222 10094 
2887 
2604 7988 
484 1232 3017 4699 6584 6942 
487 1175 1414 5552 5794 6258 8514 10779 
789 1695 4119 6687 
710 3138 5627 7649 
7687 8584 
488 5670 6136 7357 
4554 6639 
705 1281 2037 3134 4553 4837 8031 8993 10136 10317 
5 4267 
493 2128 8438 10026 10665 10686 
9457 
4891 9487 
6816 9705 
1358 
2778 2943 
957 
3035 4593 9601 
495 1934 5737 10123 11057 
49 5532 6519 8307 10614 
1915 
497 1663 2100 4683 6749 
1907 2378 4349 4357 4986 5127 5897 9187 
609 1784 4215 4812 4843 4983 5478 5835 7077 7557 11430 
1100 2664 8617 9560 10253 11190 
2897 
504 926 1562 2428 2614 3611 5462 9769 10088 11457 
657 1503 2232 3073 5431 6206 8261 9123 
507 716 1963 3790 5040 5504 6646 7340 8737 9122 
2312 3702 5204 
2059 
1662 
509 11035 
927 1047 
5104 8536 
516 2578 4612 5027 5890 8818 9811 
4811 
517 2478 3847 
356 952 3296 4000 5285 5365 7481 8302 9721 10646 
180 2114 2118 3395 4070 5151 7192 8638 10723 11168 
399 2650 9477 
1480 3669 5555 7216 9818 9952 10766 
3121 
527 4188 4383 4630 4764 11801 
11890 
534 
80 152 1552 5785 8603 9822 9930 10561 11385 
2926 
2444 4827 6855 7091 7220 7981 7994 9234 9280 9975 10074 10327 11740 
1094 1447 2073 2852 3499 9450 9863 11641 
4955 9821 
8990 9463 9500 
5183 5321 
545 3005 4166 5592 8264 8444 8484 9236 10744 11043 
4897 7773 7970 8655 9830 10485 11936 
278 9211 
1574 6296 10832 
8666 
2210 3076 3494 9839 9853 
1850 3078 7549 
502 3466 3606 5001 6798 7137 11865 
496 
554 7093 
127 1556 3472 4768 7209 8147 9766 11624 
558 4023 9632 
1375 2129 6113 7067 8580 8962 
1083 6726 
760 3254 4967 6232 8985 
501 917 1383 6562 6739 9227 10118 10455 
566 10747 
1013 
567 
1243 2648 3410 7547 8573 
5992 7658 
473 1975 5169 6298 
4556 6359 
9209 9482 
4560 5958 
1039 5495 
83 
2015 
248 408 827 1049 1321 1675 3185 3745 4352 4802 5269 7601 
572 1812 3575 4147 4713 9089 9218 9534 10358 11861 
10146 10570 
547 
2758 3072 7740 8130 8320 9166 11006 
1033 2701 4440 6913 10865 
2319 5074 5245 9136 
1324 11568 
577 5466 9116 
2178 3081 3648 4696 4993 6491 7392 8365 10885 
3286 4882 10499 
7008 
363 
2 1607 2821 5823 6654 7572 10645 
875 2679 7143 
590 5344 5419 7284 8162 11620 
1344 3338 7598 8285 
592 3597 4550 7213 8659 8807 
6945 8938 11336 
600 775 1685 2311 3457 4652 5599 8946 10368 
7422 
950 3833 10864 
254 1311 6363 6969 7822 8774 11082 11448 
320 2104 
602 3004 4697 8298 9311 10429 
140 2284 6888 
262 
1476 2342 4008 
1191 2949 8571 11805 
213 1254 2831 4170 7145 9151 10116 
3082 9193 
1479 4132 4183 5707 9634 9995 11947 
2951 4138 5834 10405 11289 
10199 
6996 11609 
249 2869 5097 10365 11344 
4495 10191 10443 
1483 1697 
1484 6944 9570 
1486 2422 11040 
6848 
1488 3783 6528 10386 
3384 
1487 4427 6035 11056 
3743 4329 8649 
3640 
3945 6453 6545 8088 10763 
1489 1508 8180 9548 9829 
1495 5713 6901 7495 
1499 1761 4079 6314 6597 8323 8548 9240 9777 10687 11503 11792 
1546 8913 9077 11105 
2509 8354 8413 9264 
18 512 1190 5491 6030 6642 7307 9774 11928 
362 1064 3917 7797 10494 
1504 
1671 6005 8108 
1506 5831 8589 11276 
725 878 1148 4407 6751 6818 7238 10654 10699 
1509 6783 7512 11639 
1823 2805 5895 
1510 
3561 4387 4911 6012 6315 
1512 
7390 
2908 4675 
10122 11942 
5807 6494 6541 6738 7363 7745 7948 9662 9828 
1710 2135 2504 5289 5964 6198 6420 
1500 2760 5162 7874 8794 11968 
3549 4852 9709 11812 
4822 6659 9503 
1513 2026 
3451 5384 10896 
1518 11368 
1520 
6899 7066 
4374 5093 
6094 9305 
5223 
1179 1222 3335 9053 9704 10345 
1523 1547 6946 11365 
4786 
1295 2594 4359 9224 11268 
1530 4371 11308 11562 
11414 
11362 
1532 3832 4253 10945 
5593 5728 7296 10439 10653 11733 
1539 3400 5960 7274 
1540 1753 2397 
3727 
1543 2344 9309 
2189 9684 
1557 9874 11926 
2067 2268 11797 
1564 2259 5296 7096 8399 9009 9966 11617 
1565 6850 7444 9700 9906 
394 4192 10644 
4321 8682 
1570 3088 3447 4073 5000 5484 5805 5942 7876 8519 
10804 11842 
5420 9653 
1578 10268 10731 
11250 
1581 2555 4798 7950 
1583 7520 
2003 3532 3595 7625 7788 9421 
1587 2320 3935 4654 4964 7454 7825 9590 11377 11539 
7295 
1590 6968 
1092 4423 5488 7030 9070 
2895 5563 9607 11239 
1593 3111 3250 4927 5332 10098 
1807 11747 
1594 2638 3734 5086 7236 9113 
6847 8353 9723 11371 
715 1888 2414 2938 3321 7930 8591 10568 11758 11992 
3317 8182 9046 10128 11095 
2254 4936 5940 7017 7656 10137 10694 11882 
1601 4439 6034 
1783 8191 
1602 2045 4931 
6089 7433 7929 9032 10574 10800 
1604 1991 2730 3738 4711 6146 7175 7528 8183 8503 9393 10013 11576 
9764 
1605 2960 4139 6486 7207 8113 10022 10394 11701 
1608 7913 8746 10647 
8003 8576 
1610 5069 
8042 
1613 6497 8250 9439 11415 
1615 
6967 8136 10052 
853 
4563 6725 
1620 1921 6858 
294 
1621 5725 5881 10112 11631 
1625 1960 3036 3071 3972 4226 5765 9247 10420 10776 
1951 3792 4515 5496 5591 9701 
1627 2360 2680 3879 5131 10603 10697 11321 11460 
5852 
5206 6128 8118 8425 
1630 2328 4445 4487 5717 10621 
10252 
3020 
825 
1632 1703 5672 7638 9490 10416 11068 11716 11980 
5851 
4300 6183 9015 
1634 3406 4874 5281 
1644 2142 4136 5033 7161 7349 8703 9615 10101 
11820 
726 
3573 4800 9472 
4283 9067 
10553 
1650 5888 10984 
9928 
1999 7362 8422 9804 10586 
1654 3158 7880 10636 
1655 3514 5005 5203 7087 7300 8201 8239 8345 11809 
4841 
1657 2845 5716 6060 7853 8363 
7769 
3206 9068 
4666 9779 
1659 
1342 
1660 1789 1926 4263 4524 10111 10468 11395 11616 
1667 8786 9265 11475 
1669 1831 7320 
8778 
4751 
1676 4468 6255 11924 
5931 10886 
1682 4488 4546 6401 9235 10752 
1683 5906 6721 6924 9111 9138 9160 9277 9997 11114 
1522 3956 4905 9884 10578 11407 
1686 4703 8126 8234 9094 11718 
5660 
1688 2820 2846 4016 4171 6295 7668 7953 
1693 8349 8387 9002 9378 11847 
2181 3646 3888 6097 6629 10286 11265 
2690 3774 4660 7200 
7401 
1696 5165 5499 6947 7323 8169 8632 
1699 3626 5872 7612 
6188 6480 
452 3944 4293 7261 8274 9043 9923 10809 10849 11573 
2025 2750 3374 5829 6127 8883 8950 10611 11956 
1704 2794 2894 4162 4716 4969 5160 8259 10955 
5024 10871 
1707 
776 5720 6733 9196 
280 3326 4985 6588 11363 
2667 6898 
11346 
1713 4433 6247 6341 
579 4124 4412 
1718 2140 2959 7395 8170 9083 11534 
10119 
6801 
3942 9222 9738 
1719 
7276 
2779 3252 
1721 4075 5705 6689 9585 11594 
1681 6395 
1723 3559 5856 9395 9440 11465 
1726 1778 
1733 
1735 3873 4689 5004 5815 7288 8532 9272 10456 10466 
644 2123 9845 11118 11282 
189 1572 3234 4627 5907 6509 9759 11373 
1994 5061 5356 5842 6259 8800 9055 9868 
7461 9918 10324 
1180 6137 9859 10666 
397 3430 3788 4152 4302 6417 7944 8944 9304 9462 9909 10398 
646 994 4114 5535 6854 7840 9898 10758 
3050 3175 6791 8168 8898 9050 
3142 7951 
1736 2292 2415 8588 10275 11646 11752 
1739 6063 7335 8171 8637 9291 
2029 2376 11086 
1740 
6405 
5452 6399 6998 10011 
1741 3275 7316 7819 
1742 5193 6263 8229 8456 10251 10318 10412 
413 6805 7122 
584 3243 3773 3981 5658 11695 
1747 4309 6083 9826 10167 10950 
6784 9568 
1755 
9523 
1757 
9867 
1759 2606 7072 9129 9876 
1763 1816 3202 3863 5068 9770 
1119 
2370 
1764 5527 
2553 2770 6061 7805 9793 11343 
1768 5147 5489 5606 7535 8621 
1771 2787 
1841 5201 7256 
1775 11898 
4233 4299 4368 8283 10139 
8288 8976 
7309 
1777 3918 7382 8515 8970 
2961 5137 
1785 
416 7632 9998 11074 
139 2697 3855 5954 10549 11293 11769 
1791 2105 2707 9396 9890 
6110 6617 9340 
1795 7450 
1799 
1800 2240 3285 8144 11378 
9739 
1801 3216 3695 4053 5057 7141 8758 10814 
2177 2931 4274 4867 5731 9778 9908 11628 11788 
1802 11493 
1805 4714 5609 6282 
1806 8966 
1813 2119 2432 3665 4776 8237 8468 
1285 2525 3040 3170 5082 5494 9526 10700 
1541 
2250 8633 
1814 4331 4817 5548 10043 10595 11796 
1815 5073 7591 11166 
1818 7706 8007 8279 
1822 2182 5377 11014 
8605 
2164 4761 7103 7623 8565 8940 9869 10726 11185 11339 
1825 3192 4239 
7369 
6473 
2451 5320 5871 6819 6926 
3196 8622 9673 10096 
9064 
1827 5379 
1830 2781 
1117 1979 2036 4212 4809 5733 10070 10890 
1832 3427 5060 6700 7019 10072 10716 11048 
2055 2402 2660 7507 7682 7738 8251 11273 
4958 
1838 2271 11203 
1842 5949 
1848 3266 6804 9299 
1853 3308 
1855 6253 11637 
9030 
51 3475 5793 10177 
1857 2564 
4193 10989 
1870 
8160 
3515 4453 5132 6238 8550 11580 
1872 2953 4720 4896 7337 10440 
1874 5726 6311 9168 10501 
79 3529 3711 3940 4261 4296 4595 5123 8538 11158 
4508 
8847 
1876 7330 
10005 
20 4083 4832 10069 
1880 6530 8469 10461 10591 
1882 3043 3605 3817 5568 7246 8384 9659 10249 10350 10425 10724 11261 11570 
1885 
2318 7185 8888 8953 10472 10675 
136 3030 3432 4878 5141 9303 9516 9735 11206 11780 
1889 2966 3486 9969 11590 
1891 
1893 4081 8630 
3993 
1896 8935 11452 
1897 2341 10206 
1904 2187 3477 4749 5260 7484 9571 11266 11707 
9065 
1910 4386 10479 
2171 6187 
2339 6980 10320 
3116 4413 9387 
1917 4821 5055 6734 7753 
2356 5977 9916 
3623 8084 9668 
1922 8664 
2883 3949 11746 
1924 8740 
1931 3897 4571 9435 
5031 5216 5413 6355 10822 
1935 3471 
1945 4036 4151 9124 11007 11469 11492 11497 
1457 
378 1881 3553 4017 5773 7260 10526 11318 
4757 
10818 
6737 
1955 6185 6748 8825 11432 
1012 3958 7427 10457 
1958 
2274 11220 
1962 
164 
1967 
4221 9951 
866 
5189 
1992 3894 
537 1193 2461 9803 
2279 7835 10376 
8232 
1985 
4844 
257 1633 5914 5927 7729 7764 8676 11634 11668 
1987 4402 7160 8471 
34 890 1007 1911 2090 2588 3262 3728 5694 7346 8268 9977 11606 
3558 4972 6960 10827 
1990 
3608 7905 10143 
2005 2844 3604 6488 
2006 2453 3273 4056 7540 8501 
2007 2131 
1149 4541 5211 6176 8032 8414 9941 10238 
2425 9799 
9604 
2009 2072 2384 5584 6439 6871 8614 8831 9290 9609 10925 
2011 4280 5546 5867 10481 11329 
2021 5767 
2028 2877 3045 4364 7221 10548 10987 
2030 
2042 3491 5585 6922 6986 7709 7838 8763 11241 
1973 
2060 2255 3194 3309 6495 7577 
7112 
2066 
111 126 419 1110 3602 10736 
4298 
3521 10565 11412 
2071 7156 10313 
5043 
2075 6517 
2076 2246 4740 7671 
2080 
4667 
5652 
2083 6067 7620 
236 2183 2989 
565 10857 
2085 
1886 3520 6719 8907 9897 11501 
2087 2396 4327 5434 5588 6619 8001 8248 10514 
3380 
5138 
6300 
2001 
2103 3218 3822 11005 11626 
2127 7785 8795 10357 
2146 3803 6765 6803 11401 
2133 4456 4796 9132 10034 10076 
2134 3557 6416 
2136 7197 8951 11112 
2139 3312 3663 4707 5135 5756 7029 8291 10071 
4597 6155 
2141 5254 6943 8402 8826 11099 
8721 
2145 4987 
5601 
5366 5883 11944 
2149 
706 753 1284 1743 2981 6956 7012 7138 8555 11125 
2153 4457 4558 4866 7416 8606 11721 
2155 
2163 2480 2625 8842 
2165 
834 
2168 3713 4024 8044 9336 
2174 7933 11665 
2175 6658 
3772 8021 
2185 11959 
2191 
9298 
2193 
2195 4240 4635 4976 5451 6376 9992 10073 11552 
2196 
9366 
5079 
2197 5166 
1347 2411 4614 8719 10124 
2510 
6915 
2211 6704 7239 
10299 
2216 2543 4670 6923 8085 9164 10172 11417 11871 
5010 
2540 5833 7375 11275 
2220 2773 8095 
6148 11838 
6102 7043 7173 9844 10195 11010 
2426 
244 2762 3144 8607 10343 11097 11767 
2221 4818 6875 8308 8984 
5034 11290 
2225 3858 4399 5315 6214 6242 7645 7823 9205 9965 10366 10569 
2247 2757 9329 
2607 3842 5146 
2260 
11623 
9544 
2275 10518 
2276 
185 4341 8542 9805 9983 
1600 1890 2476 2688 3876 4513 8658 8702 8725 10571 
2281 
5139 6274 
1406 2198 3585 8959 9767 
967 8346 
2287 6350 
1899 2944 4484 
2294 10576 10875 11092 11931 
1352 1653 4998 5597 6702 8093 9273 10222 10410 11751 
1558 1864 2438 2857 6840 7546 8373 9529 9669 10444 10965 11281 11648 
3947 6320 10288 11601 
11978 
2300 
2308 10230 
3065 
1959 
2316 
831 2457 2554 3236 7860 10133 11145 
2321 
4435 
2326 
73 922 1528 3298 3908 4187 6205 7203 7406 7440 7563 7701 8717 9285 10337 11436 
3616 8246 
2327 7600 
2329 6890 8058 11067 
506 1576 2000 3090 4894 5011 6496 6933 8330 9403 11052 11191 11195 11306 
2343 5722 
8317 
2529 8803 11193 
2348 2848 4437 6019 6392 7837 
2353 2886 4330 4651 4840 6170 6352 6602 7344 11610 
5570 
2359 
2362 
2363 4085 8955 
2368 10102 
359 
2377 3797 4125 8871 
3913 9920 11810 
2585 
3201 
3217 6678 8242 
7588 
2382 2493 2593 3007 3189 4410 9338 9893 10596 
2392 11388 
2398 3853 4608 4799 5276 6171 6470 7974 8192 8736 
707 869 1505 2642 2850 2888 3795 6229 7692 8225 8446 10193 11583 
3433 
672 8767 
2407 2763 3587 3668 5757 7715 8780 10145 11204 
2409 7506 
2419 3493 8356 10348 10952 11379 
4191 9173 11551 
4373 4403 4579 6950 
2427 2547 2810 3536 4645 4871 9181 
2437 5687 
3046 9443 
2443 2590 9712 
7169 10844 11986 
3456 6987 
2445 
2449 
1014 1609 1680 2558 2969 3358 3928 8885 9784 11214 11739 
199 
5378 6345 7250 10242 10504 
2452 6404 
2455 3336 6681 7075 9843 11133 11589 
2459 6513 
2465 5120 7586 7626 11295 
1573 1925 2199 3052 7490 8404 8835 9174 11054 11948 
2471 3135 4336 6732 6867 7013 
2473 2875 5257 6604 
1166 2673 3229 5314 5421 8757 10640 10812 11437 
113 1725 3839 4577 4578 4693 6907 7699 10408 10729 
2474 4069 
2475 9654 9945 
2481 6152 7607 8046 
2485 2549 4416 5112 5957 6711 7044 
215 8544 10735 11817 
3027 4528 4959 6040 
5111 
740 2484 2560 3010 3720 4287 5565 7188 7359 11154 
2489 4262 4883 4940 6504 9942 
2495 4914 6872 7170 7583 7827 8343 9410 
2497 2581 10476 
3261 10432 
2502 4196 6479 6846 8388 8518 8586 9426 9866 
3767 6650 7708 
69 1933 1944 2053 3055 6632 8850 9937 
2505 2626 5252 5913 6896 7464 
253 601 1920 6343 7647 8647 8793 9514 
2515 2795 
2516 2657 7048 7350 
10449 
2519 4173 4355 6421 7303 
4971 5067 5339 5556 7031 7562 7828 8644 10267 10354 
6138 7144 11578 
2531 
3959 
2542 8155 8173 8851 
2477 3746 4708 7784 7985 9194 10761 
2546 7355 
2548 5182 5967 9943 
1211 1501 2658 3567 4100 4135 4613 4625 6154 6932 8142 9382 10819 10954 11987 
2550 3311 7306 10718 
2551 3316 
379 10149 10919 
4526 
2552 10246 
2559 3012 4829 6003 7868 9087 11907 
2565 6468 10866 
2566 4949 9036 11165 11413 
11859 
9237 
2569 10922 
2570 3054 5587 6372 
4598 6797 
2571 4551 
86 683 4458 5062 5443 7364 7556 9889 10023 10036 
2576 3723 
4755 9597 10651 11586 
2579 5312 5595 7615 10842 10872 
7174 9161 
2582 7468 
1765 1782 3971 4913 6770 8942 9791 11850 
2586 4518 
2592 2764 6636 6964 8695 10573 10898 11977 
6557 10300 11519 11952 
3373 
4090 
5661 9220 9515 9722 
4860 8332 8389 
2596 
2599 5799 
9944 10351 11163 11561 
2093 6893 
2600 3498 8125 8582 
5965 6910 8394 9270 10132 10714 
2608 3864 5569 11189 
2619 4408 4769 8072 8188 10241 10383 10530 11263 
1121 
3736 5887 
2620 9885 
2627 4140 4313 4535 4826 4957 6186 6299 6813 8028 11039 
4308 11148 
2633 3771 7775 9331 9507 10638 
2637 3195 5360 7413 8504 
5816 
2641 10418 
2643 3594 6537 8596 
5023 9361 11143 
2652 
2678 
1038 1580 10247 
3172 
10580 11077 
5345 
8405 
2682 7996 8465 
2684 
2693 4904 6696 7351 
2694 5450 6909 7751 
674 1056 2337 2675 7302 7736 9623 10999 
33 8499 
2695 2861 
1491 5150 5961 9000 9746 
2698 4726 7594 11857 
8243 
2708 8338 10550 11900 
4619 4717 6586 8783 10092 
4429 
2717 3596 3658 4789 5665 6578 7195 9468 
2718 
3809 5317 7739 10641 
2720 3314 4396 4935 5832 10848 11470 11498 11912 
627 1912 
1357 2130 4780 5514 6735 10830 11527 
2724 6374 
11258 
2775 
10121 
2729 
2731 
5918 10753 
2735 3948 6628 7084 9474 10283 
2739 4034 4362 5335 5455 5981 6894 7015 11650 
9895 
2740 3070 3600 3916 5293 5840 9747 9825 9933 10539 
2743 5837 7130 9407 10846 11232 
2746 4220 7180 
676 3502 4727 5476 6249 8410 10248 11600 
2761 6313 7297 7548 
2771 
2776 
2782 7799 11102 11136 
1303 
3069 3836 10487 
2783 5924 6264 11895 
8135 11104 
5637 6384 
2801 11149 
1206 6723 7689 11725 
4997 9243 11743 
970 
2803 9104 
2812 9052 9238 
2824 3656 3962 4480 5046 5053 6013 8112 8164 9282 
2825 9842 10178 11630 
7544 9389 
1317 10077 
4089 
3171 3295 4825 6790 7850 9343 11681 
2827 4842 5128 7858 8852 9207 9423 11078 11223 
156 2922 3025 4793 8076 
2837 
2849 8810 8977 11996 
2855 3645 3925 5156 6018 7894 8262 9079 10385 
2868 7897 
1956 3740 5117 8709 
2872 
11262 
3434 3518 4297 7597 8361 8674 
810 
5009 7536 10998 
4048 4420 9288 
2882 
2901 
11471 
3342 7387 10794 
2905 7862 8690 8961 9035 
2906 6948 7553 7999 9486 9605 
8741 
6484 
3766 9353 
4381 6147 8958 9367 10704 10807 11353 11479 
5231 
2909 5598 7856 
4356 
8939 11602 
1844 2395 4344 6406 7457 8991 9970 10926 
71 
2914 
2915 
5825 
4833 5987 
2918 
2924 3448 3781 6166 6691 6930 9787 11515 
9428 
2928 3551 4684 5425 8167 9798 10815 
2934 3153 4273 6038 6231 6452 6730 7159 8656 9302 
1380 2267 5125 6177 7414 7460 10364 10505 
2977 
1378 1969 2355 2369 2636 4126 
3221 10335 
2683 
2982 4064 5742 8808 9598 10270 11060 
3461 4311 10562 11384 11825 
2994 3401 6821 
2659 6516 7678 8107 
2995 3579 10915 11870 11873 
2999 4065 4339 8231 11520 
616 3396 5199 7452 11267 11337 
3008 3100 3419 3857 7407 
330 3208 6736 9880 10369 
2224 4007 8073 
3009 7596 7679 
3412 6398 9792 10551 
3022 
3028 5774 
3034 4182 10527 
3840 10470 11247 
3042 3103 3582 3586 4335 4471 4710 7225 7321 8020 
948 3991 5505 6250 6277 6903 7847 9446 11770 
391 8578 
3053 5029 5647 11518 
3060 
3063 6179 
7554 
8 
3716 
3064 3735 
163 738 3255 3631 8434 8932 10239 
1527 6195 11182 
3075 3784 
722 1646 2814 3709 5080 6685 8209 9011 
3077 8475 
3093 
3382 
3095 6589 6788 7925 
3096 6203 9297 
3102 5362 
3106 
3108 4476 9575 
3824 11081 
3110 10292 
2734 2809 4898 9185 
3117 3680 4277 6202 11784 
6150 10708 
3159 10541 
3131 7728 
986 1125 
312 1923 4756 8870 10371 11152 
4176 5155 10423 
3137 
6936 
885 1684 7065 11330 
3148 
3151 
3161 3425 3775 3976 4050 6835 9814 
3162 3187 6109 6451 6649 6993 7419 7814 
3169 3238 7105 7430 
3174 11036 
3178 
3182 4137 9102 
9080 10933 
3207 
685 3741 
3875 5899 
93 2201 7552 8396 
525 595 5304 6135 8771 9176 10185 10381 
2881 4257 9058 
3210 4013 
3213 3353 5877 10407 10907 
10087 
3220 
3223 3912 9696 11333 
3228 
3779 4272 5334 8055 8978 11069 
3242 3633 11303 
9610 
3246 4116 4868 7606 
3258 3838 8843 11064 
3259 10180 10557 
3263 7865 11467 
3666 6679 
3271 
5983 6885 8253 9341 
3277 5264 5529 9223 
10 92 218 2622 4682 5218 6787 8756 10684 
3655 4286 9981 10936 11577 
1648 
3280 5893 8618 
3281 4599 11481 
3292 6713 8798 
3704 7521 
3304 11446 11690 
4041 4465 6963 9528 
3320 4314 5636 7447 7995 9327 9349 11093 11494 11591 11920 
4781 
3339 8838 
11835 
3348 3798 8181 8857 11350 11909 
1368 6225 7202 7966 8687 8968 11899 
783 2106 2223 2257 4918 8936 9167 10051 10602 
3367 8612 
3371 3424 4838 5873 6962 8845 10816 11445 
3375 10389 
6099 
4565 4685 
3387 
6887 
1579 5072 9324 9351 11089 
276 1221 1670 2446 8619 9399 9857 10737 
3397 11382 
8696 
3630 
3403 4148 7291 11150 11175 
3413 
6757 
1828 4806 8969 10630 10701 11117 11317 
3163 3449 11013 
3420 4228 7973 8146 8166 
3421 3552 4067 5198 5866 6228 6493 8301 10920 11046 11433 11458 11673 11913 
3437 6769 7998 11808 
3468 
839 1622 5441 8174 10245 
2870 3625 3700 4561 5422 6080 6972 8207 8613 8671 9508 10609 10825 11233 11776 
5354 
3476 8024 
3481 5641 8626 
3482 10061 
3485 
3489 9432 10332 
3492 7914 
1241 2662 3937 7810 8019 
3504 
1391 3560 10159 11490 
3507 4512 5258 6533 9953 
3509 
7707 9377 11807 
2705 
3525 4208 4738 6218 7289 8879 9093 
3530 
3534 5403 5896 
3545 6390 9225 9314 9854 11459 11723 
649 1769 3880 9175 
3565 5538 7676 11714 
3571 4418 6333 
3580 5255 5300 5358 6042 8087 10929 
4414 5018 7230 10058 10937 
4370 
3590 9809 11425 
3592 4604 4742 5748 6322 8502 8873 9748 
3593 
1016 4926 10784 11699 
3617 7790 
467 2769 4195 6865 7558 8362 9586 11301 
355 3369 6210 6409 6677 8105 11468 
1982 6360 6483 
4042 
3619 6601 
3634 
150 1390 2107 2933 3892 3992 4596 8313 10006 11814 
3636 8909 
3637 11579 
3639 4264 5498 10093 10685 11023 
123 
3791 
4790 10344 
3643 
3649 4864 4893 9491 
3662 5036 5876 6074 7436 8577 9350 10824 
1312 6331 6973 9262 10156 
3667 4778 5370 7089 
3685 8926 9131 
3701 3974 4539 5615 5669 5676 6252 6971 10108 10742 
3705 
3909 5446 7747 8623 9946 
860 987 7231 11356 
4662 9982 10039 10379 
3729 
4 10938 
3742 5435 9208 
5439 7266 
3750 
4225 4401 6433 7403 8707 10341 
3754 5427 
2336 6276 8392 
3761 
3780 
3785 4973 10719 
3211 7241 9646 10104 
3787 
75 2916 3107 9580 10923 
4179 8106 9027 11749 
3793 4886 11686 11925 
3796 
3801 7441 
3757 4046 4430 7255 10203 11969 
3804 5770 
3825 
3834 4965 7990 
894 925 3145 4279 5406 6438 7538 8265 10464 
3861 4977 8067 
8325 
3869 7477 8427 
3886 9573 
1067 4547 6000 7332 9230 11319 11972 
2194 2388 2435 3445 3614 4015 4111 6364 6866 7514 8281 8820 9261 9295 9785 10599 11222 11376 11426 
2417 4572 8535 9028 9502 11101 
4529 6200 
5989 6362 6817 9330 
3891 
3893 10966 
446 6260 7325 7526 10356 10745 
3898 
3328 3674 5475 9339 9939 10166 10980 
3900 7023 7887 
3906 4489 7669 11500 
3910 4922 6280 7961 8218 8882 11065 
3915 7574 
3919 5752 10140 10213 
3922 6009 6254 
1796 5674 
3951 4908 5530 6101 7099 9641 
3963 
1639 2234 11839 
3969 
3977 5721 7703 8385 9620 
5995 
3999 5824 
2064 9865 
4009 
4010 
56 628 1309 5846 7233 9203 
1978 
4020 8813 
8956 
888 2703 2813 6514 8111 8896 8922 11885 
4022 4237 5536 11816 
4037 4725 11635 
4767 
4040 10413 
1780 5297 6174 8161 10801 
4052 9976 
4377 10218 
889 2672 3411 6882 7941 8205 8495 10650 11423 
4087 5361 
314 1334 1421 2215 2486 4078 4970 5821 5988 6693 7580 8672 9048 9753 9891 
4103 4586 7861 10130 10231 10838 11288 11531 
4129 5280 7061 9447 
6265 10862 
4130 9619 10219 11126 11404 11587 
11132 
1977 3366 
4159 5318 8650 8761 8943 9726 
4160 
1424 10713 
4163 4673 5746 6939 8023 10667 11775 
4172 4446 5440 5540 6834 8694 
3849 9461 
4194 6145 
4198 4393 5247 5776 6477 7212 10063 11466 
4201 9924 
9171 
3124 4892 4952 
4206 
6940 
4216 7569 
2613 
4224 5398 
4227 5874 
427 5620 9776 
323 2975 4244 4532 5479 8498 10986 
4231 
4236 
11242 
4242 11031 
4404 
4247 
500 5290 
4251 5158 6016 6212 6461 7581 7609 8132 11032 11692 
1351 7053 8293 9873 
4256 
4275 7511 
4281 4478 6167 9425 
4317 5405 
4328 
4340 6594 10458 
2358 3725 6224 7312 9631 11772 
4366 5697 6196 10035 
4375 11178 
4392 
5006 6724 9286 
4398 10677 
4405 
8127 10770 
4409 
4415 5806 6380 7114 10820 
4438 
4444 6861 7378 8455 9221 9494 
908 3681 4027 5224 6456 
3622 8196 
4474 
4475 5579 6625 
4729 
5157 5745 10081 10134 10338 
4481 5759 
7432 10387 
4492 6707 10692 11456 
4493 6335 6508 8197 8522 9364 10934 11058 
2984 
4519 
4520 5130 8091 8891 9527 
4525 5764 
4549 6351 8377 9278 
4564 
4576 5966 7938 7972 9559 
4588 
2082 3345 
4590 5486 5640 6593 6975 8054 8435 8673 9390 10488 11719 
2190 8560 11506 
4594 5610 10949 
3583 6478 
4624 7039 8037 8419 10652 11540 11798 
4644 11422 
4629 
9478 
4631 
4638 
7049 
4661 
560 5175 10360 
4665 
10127 
4676 
7177 9445 11174 
4695 
296 1258 1612 5348 8458 
4704 7916 
4709 5065 6385 
4715 
4721 5633 11421 
4441 9320 
4724 8585 
4762 
4771 11622 
4791 
267 2562 4470 4760 4879 7571 9169 10110 
4801 
4804 7866 10359 
2796 7259 9870 10566 
4813 5589 8241 
389 
4820 
4828 10142 
4831 8412 11843 
4847 
1182 6553 
4851 6022 
4343 4449 5778 7987 8006 8496 
4858 
4875 
864 4098 6168 6288 8366 9069 
2202 6459 11164 
4884 
3188 
4910 6800 7376 11380 
4920 
4941 9363 
429 1497 4700 9961 10309 10543 10751 11004 11736 
332 688 1656 1752 2421 8635 
4953 10181 
4960 
4980 8005 
175 3084 3225 
3141 6666 
5017 10163 
2228 2313 2499 3056 5084 10229 10388 
3679 5844 10029 
5021 
5041 5984 6762 7968 10049 11409 
5059 6041 
603 929 1001 3426 5743 9391 
2170 6227 10991 
4323 
5066 
5253 
5083 
1350 2436 3079 3364 4758 8880 8892 8912 9038 10618 10861 11777 
5085 8255 
746 1187 4498 6112 6163 11679 
2249 
5087 
5101 5684 
543 1652 
5109 
5114 8685 
5184 8853 8964 10643 
4603 5673 8572 
5200 6379 6583 8583 9687 10007 
7525 7752 10086 11323 
5222 
5230 6822 11748 11800 
1200 
5243 
5251 6485 
824 1336 2304 3733 8096 
4536 11473 
5308 5382 
5310 6119 6581 7817 8714 
8886 
5316 11657 
1950 5207 9452 11517 
5333 
5338 
2213 2842 2941 3000 3014 3181 3253 4260 4848 5898 5902 11720 
5352 5369 5704 6268 8486 8745 
5363 6471 7777 8290 10940 11957 
5373 9901 
1103 3215 3302 3337 5070 7445 11869 
5376 
460 1724 2217 2752 2753 4795 6243 8368 
5380 5711 10521 
5385 7721 11998 
5386 
10153 
4421 6216 10227 
77 1672 2034 2047 3815 4086 4566 6207 7242 7846 7963 9788 10097 
5387 
7634 
4543 4680 7731 10960 11358 
5390 5416 5912 9417 10295 10598 
4719 5392 8086 10053 10114 10856 
5412 
