ER16000,r_hop_max-1-uniform,1
15988 
15983 
15985 
15957 
15944 
15905 
15904 
15895 
15883 
15862 
15824 
15767 
15749 
15692 
15640 
15627 
15622 
15612 
15603 
15597 
15588 
15572 15598 
15568 
15479 
15426 
15420 
15396 
15370 
15355 
15340 
15329 
15312 
15292 
15284 
15274 
15240 
15239 15587 
15236 
15208 
15193 
15192 
15144 
15122 
14985 
14977 
14956 
14840 
14803 
14790 
14784 15510 
14779 
14745 
14737 
14733 
14732 
14727 
14725 
14655 
14647 
14611 
14607 
14591 14954 
14574 
14530 
14513 
14505 
14453 
14411 
14403 
14400 15814 
14392 
14373 15746 
14372 14855 
14361 
14318 14767 
15076 
14273 
14461 
14272 
14219 
14184 
14165 
14136 
14081 
14071 15080 
14040 
14029 
13996 
13989 
13947 
13946 
13935 
13926 
13922 
13880 
13821 
13820 
13815 
15380 
13813 13956 
13789 
13783 
15543 
13755 
14245 
13740 
13700 13886 
13695 14163 
13639 
13638 
14762 
13632 
13628 15596 
13608 13680 
13590 
13578 
13550 
13521 
13513 
13509 
13472 
13449 
13431 
13429 
13409 
13404 14624 
13387 
13378 
13364 13823 15348 
13351 
13315 
13308 
13304 
13226 
13171 
13138 
13065 
13015 
13014 
13006 
13003 
12971 
12931 
12911 
12909 
12903 
13161 
12860 
12853 
12808 
12790 
12759 
12727 15659 15711 
12723 
12718 
12710 
12677 
12673 
12634 
14540 
12606 13640 
12572 
12567 
12521 
12516 
12511 
12455 
12443 
12416 
12409 
12375 
12368 
12363 
12352 
12260 13143 
12250 
12228 12430 
12207 
12204 
12183 13610 
12178 
12173 13062 13371 
12169 
12118 13727 
12097 
12092 
12090 15297 
13424 
12086 14692 
12064 
12021 
11965 
11912 13103 
12648 
11911 15684 
11898 
11881 14925 
11866 
11857 
14982 
11850 15115 
11834 
11794 14773 
11792 
11751 
13565 
11739 
11737 
11699 13871 
11686 15210 
11673 
11657 
11653 
11649 
11624 
11616 
11607 
11594 
11589 
11543 11848 11967 
11520 
11490 
11486 
11476 12562 
11393 
11381 13292 
11370 15469 
11369 11888 11921 11998 14927 
11361 
12044 
11346 
11331 
11325 
11645 
11316 
11308 13510 
11280 
11263 11787 
11237 
11234 
11183 
11127 
11125 
11120 
11093 
11084 
15417 
11063 12171 15930 
11047 
11021 
10991 
10988 
10980 
10979 
10965 
10905 
10881 15921 
10878 
10828 
10825 
10810 
10790 
10775 12806 14236 14765 
10756 14424 14578 
10747 14161 
10743 
10735 11558 13060 13173 
10712 
10688 
15402 
10673 
10669 12910 
10655 14023 
10622 10792 
10603 
10589 11236 
10585 
10568 
10566 15371 
10540 10551 12814 15010 
10534 
10515 13142 13962 15174 
15438 
10511 13070 13120 15424 
10446 12620 14238 
10435 
10430 
10416 10517 13526 13999 
10407 10947 11489 15025 
10406 
10388 
10385 
10370 
13110 15593 
10357 
10348 
10336 
10335 15017 
15585 
10332 
10326 
10316 
12187 
10306 
10298 10423 10931 
10297 
10278 
10249 10800 
10233 
10229 10899 
10214 
10194 
10177 
10162 
10142 
10108 10799 
10106 
10095 
10070 
10023 13920 
10007 12221 
9985 
9974 
9960 14948 
9946 
9939 
9938 
14218 
9935 10679 
9897 11999 13218 
9892 
9891 13768 
9850 
11523 15997 
9783 11145 
9768 9870 
9764 12366 
9756 
9728 
9716 
9739 10903 
9715 
9701 
9687 
9682 
9674 
9630 
9607 
9582 
9540 
13191 
9536 11625 14141 15383 
9529 10721 12789 15412 
9753 
9517 11244 12287 13168 13422 
9495 11821 13281 13968 
13817 
12146 
9486 
9435 
9434 
9433 11720 13966 
9420 
12871 
9388 
9386 
9383 14694 
9382 
9380 
9376 
9375 10660 11812 12744 
9360 9959 
9355 
9347 10555 15903 
10733 
9341 
10373 
9318 
9317 
9309 
9306 
9227 14098 14909 15648 
9226 
9222 11126 13777 
15406 
9219 
9218 
15813 
9205 
9200 
9191 
11694 
9184 
13130 
9161 10597 
9141 
9134 
9120 10264 11113 
9109 12905 
9108 
9106 9362 12596 14922 
9307 15009 
9082 
9077 
9070 
9057 
9046 
9035 
9030 
9024 
9023 11606 
10449 
9007 
8999 
8982 
8965 
8960 
8952 10221 15989 
8947 10760 
8945 9177 
8938 
8915 
8895 
8876 
8873 13344 14635 
8864 
8841 
8827 13736 
8820 
8805 
8791 
8777 12370 
8767 9183 10039 10680 14428 15812 
8765 12077 14252 
8743 8981 10317 10995 
8740 12587 
8728 11885 
8718 9782 12202 12748 
8703 8758 9323 10569 13382 
13732 
8701 
8695 13439 13881 
8688 10909 13621 13750 13905 13993 14500 
8685 14993 
8674 9844 10328 11538 13969 
8658 9683 
8651 
8634 9052 11647 11718 
8629 11362 13188 
10408 
8627 
8626 
8619 9216 
8615 11239 
8588 
8552 13176 13762 14997 
8547 
8541 
10323 
8531 15514 
8517 
8509 
8508 10521 13408 
8483 14449 
8429 
8428 
8417 14444 
8414 10880 10887 10915 15761 15979 
8407 
8404 
8400 
8380 
8377 12383 
8371 13194 
8351 
9926 
8341 
8530 
8303 14430 
8262 
8255 8259 
8240 11927 13660 
10364 
8230 15263 
8204 
8189 
8178 9951 
8172 
8161 12607 
8150 8787 
11148 
8131 8465 
8122 
8108 8518 
8102 
8086 
8083 
8082 9083 
8055 
8048 
8043 
11917 12608 13769 14654 14885 
8015 
8009 13221 
8003 
14154 15817 
8000 10208 
7999 
7997 
7973 10132 11551 11997 
9334 
7963 15186 
15837 
7960 10636 
7953 
7937 
7936 
7924 10038 13017 
7921 
7914 
7894 12046 13101 
7878 
12040 
7856 8888 14041 14903 
8348 
7849 11886 
7840 
7827 10024 11592 
7823 
7814 
10168 
7812 
7810 
7807 7828 7867 10619 11066 14353 15547 
7799 12590 
7771 
7727 
7707 
7678 15321 
7674 
14342 15500 
10295 11873 
7658 
15158 
14162 
7653 9236 
7638 12107 13172 14233 
7613 12372 15322 
7596 14716 
7592 8863 10286 10289 
7590 9726 10927 
7583 
7577 12573 15382 
7540 13170 
7533 7567 8568 9387 10324 11059 11719 12010 13484 
7527 
13630 15290 
7522 
7502 
7499 
10361 11180 
9843 12922 15968 
7489 
7482 8940 9927 13223 15826 
7466 
7459 7870 12497 12815 
7456 
7747 
7444 10635 
13155 
8471 15857 
7441 
7430 12378 
7427 11680 
8722 
7423 7763 9823 10438 
7393 10431 
12108 
8257 9412 9855 14680 
7391 
7390 
9590 14609 
7384 
7383 
7380 8119 10461 11565 13747 
7329 
14736 
7319 13460 
7310 
7284 
7272 
7261 12018 13586 
7249 
7245 
7230 
7214 9170 
7210 8992 
7205 
8723 
7196 9670 
7194 8212 10160 11269 13274 15961 
7190 15074 
7187 
7170 13868 
13357 
7373 10026 
7167 14495 
7163 
7160 
7979 
7158 
10133 10937 
7154 13659 
7141 
7123 11623 
7091 11330 
7088 
7077 8748 11622 13368 15291 
7074 
7069 7426 9942 15527 
7061 
7054 7209 15388 
7052 7718 8327 9574 14693 
7022 
7018 8971 10557 11835 12309 
7017 
7010 12365 
8921 9265 10618 
7009 7954 8010 12659 
7006 8173 8666 12768 14503 14819 
7003 10025 10465 10728 12877 
6994 10000 
6982 
6956 9987 10791 12050 13952 15250 15610 
6934 13078 
6917 12358 13231 
6913 
6901 
11641 14786 
7846 7982 
6897 7351 10837 11557 13286 14006 
6890 
12323 
6879 10091 13190 
6878 
6877 13358 
6871 8759 10917 13785 
14975 
6861 11091 12866 13399 14861 
7705 12998 13428 
6841 8020 8061 15449 15886 
6836 
6830 
6817 9179 13390 
6804 
12427 
10409 
6790 13784 
6788 7318 15448 15991 
13111 
6786 7216 
6771 9861 12941 
6753 7855 9393 12074 13913 14423 15418 
6748 7233 7993 8472 9514 9531 12253 14988 
6747 9606 
6705 
11748 
6704 11429 
6698 
6687 
6683 
6679 7552 10709 11507 13350 13501 
6666 
6661 
6642 7062 11823 14143 
9765 12038 
6636 
6630 
6627 8151 
6625 
11771 
6623 9806 10008 
6621 10347 13795 
6617 8538 
6611 9839 13602 
6600 
6597 9209 10083 10966 
6558 10467 15653 
6545 
6539 7518 10882 
6537 8479 9281 
6536 13410 
6535 10080 
6529 15138 
6523 
6522 14526 
6491 8170 9105 10161 10260 10503 
6488 8543 13581 15608 
6485 
6481 9648 13808 15128 
6457 10412 
6445 10896 
6441 10625 
6427 
6426 6740 12485 
6417 9963 10072 
10342 11262 
6415 8493 8798 12746 14658 
12343 
6412 
6403 11087 
6399 6493 9857 12476 15549 
11181 
6398 6823 11000 
6397 
6396 
6394 7134 8872 9889 10319 11480 12418 13199 14667 
6392 9791 12196 12197 
6374 8931 9078 11306 13106 
6367 10472 
6360 
6356 15404 
15269 
14938 
6326 14723 
7232 7450 8519 
6292 7067 
7657 
7365 
6285 11020 
6263 
6257 12690 
6242 
6240 
6232 6253 10188 13678 
6231 6720 7293 
7181 
6225 10304 
6222 6284 9156 11971 14344 
6214 6479 10593 
6874 10992 
6202 
6198 6818 
6197 8070 8367 9417 10175 
9896 
6196 7461 
6168 9743 12462 
6167 
6157 6279 10831 15410 
6152 8443 9473 11028 11412 12056 
6151 6259 13924 
10796 11135 12156 
6141 
6140 
6131 15376 
7852 8206 
6124 14416 14857 
6116 8105 8610 8660 10477 12666 14464 14914 15801 
6111 7915 14402 
6105 7047 7387 8526 11221 12384 14612 14616 15231 15916 
6100 
6099 
9584 
6098 14450 15780 
6073 
6066 
6029 
6025 8661 9741 11567 11753 12656 14242 
8089 
6017 
10267 
6015 12315 
6012 
6008 
6002 15663 
5997 10858 
5991 8160 8510 13265 
5990 6801 
15546 
12286 15896 
5984 6095 8983 11166 
5979 
5977 
5976 12471 
5972 8440 10261 
6129 7843 
5967 13145 13872 14427 14603 
10198 15873 
5965 14133 
5962 
5943 12972 
7403 14834 
5938 8726 12661 
7449 
5936 8324 
5928 10908 11001 12938 14078 
14972 
10270 
5919 10851 
5918 15986 
5916 6618 
5929 
5913 6495 
5904 14950 
5901 6887 10225 
9197 
5878 6533 7027 8892 10020 
5876 
5867 
5850 13280 
13516 
5840 
13028 
5836 
9135 9736 
5822 14687 
5818 
9374 
5805 10912 
5781 12833 15170 
5755 9372 15507 
5753 9821 
5748 7911 
5739 
5737 
9011 10479 11862 13372 13911 15563 
5735 10129 10271 12355 
5734 
5731 
10282 
5729 
5722 
11275 
5702 
5701 
5695 
5691 
5687 9579 15364 
5685 6867 
5678 7349 12475 
5675 10572 
5660 6212 7401 8310 10711 
5657 8742 
5654 6773 9587 10067 11478 15362 
5653 
15762 
15455 
5651 7409 
5649 
5641 8976 
5630 12393 
5624 7029 
5619 
5582 
5578 9556 12251 
5573 
5570 9717 12304 
5569 6688 11901 13492 
5565 9711 10418 11513 11818 15203 
5559 14013 
14974 
5557 
10938 
5548 
5540 12682 13653 
5539 7945 8600 11294 15303 
5527 
5511 
5503 
5500 8412 12680 
5499 12792 14813 
5492 7509 12645 
5484 
5471 5953 6543 6672 
7647 
5467 
5466 6122 
5460 
5453 5697 10561 
5451 
5446 
5514 
5442 
5438 
11274 15228 
9604 11014 
9164 
5436 6654 9410 10325 
5435 10930 11238 15534 
5419 
7279 8081 8875 11774 14976 
6810 
5412 7588 10178 13271 13362 
11903 13166 13238 13705 
5409 8012 8858 8995 
5403 10543 12584 15698 
5402 11958 13787 
5393 5849 
13606 
11871 
5391 7220 8932 10311 12415 
5386 
5382 6123 15037 
5381 8754 
5374 
5368 5954 15880 
5366 5801 12954 14215 
5364 11825 
5362 
5337 
6755 10130 15451 15966 
6691 
5331 
5330 5882 7594 10193 10256 10620 11773 14060 
6335 
5320 
5318 5730 12599 
11985 
5595 10464 11525 11968 
5315 
5311 9206 9377 11419 
5304 7628 9914 10766 12180 
5287 6584 
5274 5682 13209 14208 
14289 
8954 9114 9493 9883 
5273 8822 8883 11095 
5270 
5269 7468 10393 14546 15806 
5253 6908 
6602 9608 
5239 5363 
5232 11709 12552 
5230 9122 
5229 6990 12863 
5227 7199 8790 8905 10772 13478 15338 
15796 
8266 9496 10770 14254 
5220 14815 
5214 11954 
6497 
5213 15538 
14223 
5211 6506 10415 10466 10942 11002 11535 
12549 
5208 
5207 
5201 
5197 8974 9636 10696 14889 15810 
5190 
5184 6677 9062 
5171 11601 
5170 5383 11210 
7723 10381 14529 
5164 6400 6833 7130 7483 7507 8699 9253 11407 12185 12813 
11098 15618 
5158 11357 11372 
5152 9730 
5150 
10082 
5142 6184 15102 
5139 9338 13370 14022 15818 
10518 
5131 
9351 9621 12537 
5124 6587 7490 9807 12295 
5122 8176 11610 
5115 8598 8846 
5113 6870 12184 
5111 
5203 7040 7732 8714 13212 13601 15835 
5108 
5103 
7085 12794 
5097 
5087 
5085 8117 13776 15279 
5077 9966 12743 14388 
5074 9009 13867 
5069 
7746 11571 15106 
5063 
5056 
5054 6418 11785 
5051 5324 10119 11379 
5050 
5029 8389 9166 11915 12609 12842 
5026 10580 14919 
12973 
5024 
5012 10509 12282 15266 
5010 6004 7642 7893 7961 7987 8914 10821 15131 
7820 
5007 8862 12868 
5006 
5003 13341 
12840 
4993 
4986 10892 15200 
4985 
8044 
4967 5827 14227 
12764 
4960 12566 
4959 10617 
10280 
4953 
4946 7316 11413 
4944 7110 10875 15493 
4943 13440 
4941 5183 
4938 
4937 
4934 7292 
4930 
4926 5452 7825 12340 13631 
4919 12709 
4916 9390 
4915 6888 10030 10500 12812 12948 
4902 13119 14689 14749 
4900 5621 8738 9240 13964 13991 
9828 
4896 5640 9663 12649 15650 
4882 
4878 6685 8448 9996 14134 14308 
4876 9013 
4871 
8570 
7775 12405 
4869 
4868 10504 
4865 
4857 5181 15531 
4852 9785 13272 13406 
14666 
4833 
4829 
9667 
4828 
4818 13656 15982 
10447 11705 
4812 
4809 5326 5387 6635 15204 
4808 4990 10012 13929 
4807 7116 
4789 5052 11553 
4774 13107 
4772 13380 
4770 
4767 
4760 6114 6724 7295 7875 8067 8461 13792 
4759 6827 8782 
4756 9668 
4754 12052 
4750 
4744 7744 12290 
5167 
4742 6079 7804 8539 12918 13004 13529 
4741 5795 8707 12540 14084 
4737 
4725 
4719 
4706 
4687 
4686 10201 
14509 
4685 5398 6508 11100 11349 11725 
6272 9389 10492 
4678 5151 6072 6170 6404 7026 7883 9278 9321 11813 11847 12153 12422 14394 
4676 6087 15706 
4674 7871 9153 
4670 10575 
5022 5284 10605 
4666 
12213 
4657 6802 
4652 13076 
4640 6341 10578 13666 14627 15456 15631 
4627 5285 8118 14447 
4626 14181 
4618 
12494 
8378 
6217 7433 8278 13514 15591 
4615 7841 9053 15532 
7869 
4614 
7321 8141 10948 13081 
4924 
4613 5448 9729 10427 11536 11801 12200 14494 
4609 9169 12785 14830 15084 
7836 
4596 5787 6774 10818 13201 13771 
4594 5922 
4586 
4580 6068 9270 
4701 6569 8218 8690 11291 13396 13561 
4576 5933 7698 8485 10292 12013 12412 13493 14321 14916 
14149 
6252 6531 7743 9396 14808 
4575 7297 7942 8269 10135 13794 
4569 9723 13365 
4560 13587 
4558 5194 5261 6461 8403 9021 11402 13345 
4532 9479 10218 10716 11987 12542 14508 
5071 7407 9404 11914 
4530 10013 10224 15891 
4528 11343 
4519 4851 5610 8903 11916 14870 
4516 5947 8535 10101 13978 
11109 
4515 5603 14960 15584 
4510 5927 7414 8744 10847 14261 14350 15011 
4500 12437 
4499 12712 
4491 4643 8979 12201 12223 14782 
4489 5423 7173 11184 12276 13497 15844 
8711 12193 
8030 
4471 10835 
4456 6395 
4452 15033 
4450 11008 15390 
11170 11860 13706 
4445 
4444 7886 
4443 6293 11628 
4441 
5982 6247 13057 
4435 8184 10933 
4430 4672 4811 6074 12803 14126 15035 
11293 
6276 
4429 7262 7616 12047 
8686 
4424 5513 5717 13613 13775 14983 
8002 10604 
4422 7445 
4416 6373 14064 14377 14442 15289 15842 
4403 
4402 5280 
7671 9020 9322 
4396 
4394 10921 
4392 4486 9808 
4379 
4378 7831 
12463 
4370 4426 6220 9365 9448 
4368 
7966 12600 12674 14283 14479 14973 
4858 8017 13895 
4364 4605 5727 
4362 5245 8001 14839 
4357 4520 
4351 
9178 
4349 7389 
4341 5429 11446 
4336 14688 
8904 
4326 
4322 
4318 
6432 7048 9311 10866 12369 
4310 5996 8360 14734 
4304 
4300 12069 12188 
4267 
10914 
4255 9232 9544 9922 10778 11261 
4254 7157 7273 13757 
4253 
11984 
4242 4691 7906 12527 
4236 4724 4951 6260 6410 7860 8657 9001 10372 10897 12218 12571 12925 13697 14999 15971 
4233 4527 8034 11060 11738 14117 14845 15172 
6521 
4227 6154 11099 13313 14775 14941 
4225 4753 
6062 
4221 
4220 6416 9304 9686 11955 
4218 
4217 
9537 
4212 
11484 
4205 
4201 10459 11458 12350 12995 14415 
10487 
9115 14260 
4187 7866 10590 
4186 5592 5880 6793 13267 13573 15811 
4182 11052 
4170 
13251 
4169 5873 
4159 5389 6463 6863 7030 7265 8064 13931 14935 15196 15586 15884 
4321 6433 
4157 
4156 9824 10536 
4151 4386 4763 6256 6419 6819 7386 7440 10667 11426 
6945 9154 11318 11482 14826 15881 
4142 7512 10861 
4140 15245 
4119 6088 6883 8902 10596 11295 13073 13688 
4109 10318 13985 
4101 
4094 
1397 10112 11743 15212 
5344 6289 
716 755 2475 6298 7175 7655 7664 8126 8169 9795 11779 12614 
861 1437 3048 4755 5450 6269 11528 14379 
1390 
2781 4578 14702 15781 
1389 14366 
11992 
1327 
4271 7618 12292 14726 
1385 11031 15223 
4705 9787 10250 10874 14340 
1383 8073 9750 13359 
1931 2585 6243 8897 
1380 8369 14080 
1378 4446 11863 15302 
3454 5633 13594 
2774 7191 8023 13607 14750 
12308 13949 14566 
1362 3770 6760 8608 9249 13564 15556 
14374 
8936 9639 
3777 6046 
3384 5257 5749 8542 
1353 3757 3870 5618 11082 
8294 
1338 5939 7640 9450 12707 13002 
803 855 10296 11106 
1337 3385 3684 7955 10159 11583 12565 14066 
1331 
1325 5664 6183 8752 10913 
5099 9242 10245 
1314 
1307 3267 8013 8424 10823 11322 14510 
7557 
2772 13530 13532 
1300 9919 11541 11764 15153 
4127 5367 8966 15590 
2347 3225 4667 13363 14489 
2492 
1291 4552 6353 
7275 7322 8766 15901 
1288 
5579 7487 13556 
1297 10643 13963 
11711 
5338 
1287 3273 5066 8016 9117 14365 
4152 13921 
2102 
1266 
1265 5816 8825 11781 13284 
2969 5645 7604 8438 12612 13001 13830 
706 4153 6449 8573 11029 12892 
1250 3488 7610 8094 
14448 
1246 2365 2485 4625 5432 9840 12151 14286 15083 15134 
14352 
1951 
2044 2689 3663 6937 13466 15278 15953 
1240 1422 2610 2813 10943 11464 11952 
13734 14127 
10301 11588 
2371 3320 5843 6662 8622 9793 11815 12126 13654 13812 14482 15202 
9241 
5098 6590 
1238 10374 12752 13841 
1235 8524 14189 15682 
2682 3053 3657 7068 14206 15847 15908 
3059 11307 12968 
1225 
1221 2301 2331 2438 4385 8213 11772 12894 14817 
823 4269 6809 8739 10153 13432 
14035 
2625 4922 
669 4010 4066 4469 10867 11192 11668 12162 13804 13944 
2456 5226 9411 
3226 
1213 2194 2924 7910 8643 9468 9826 11462 14858 
9955 
930 1849 5754 13593 
748 
1211 2890 3911 
3743 9856 
7178 12333 13786 
1318 
12419 
1204 1666 1763 5704 6266 7106 13522 
1199 
1195 3003 4620 6653 7748 9058 12889 13184 14382 
1191 7340 8705 9069 
1258 12214 
906 9123 11302 
1188 2657 4501 6733 7736 12321 
12663 
428 4258 11564 
1184 5346 8768 9325 12529 15443 
1074 
928 4964 6926 8571 11200 13500 
782 2192 2914 3526 3867 5048 6333 6614 10369 14701 15573 
2410 4352 10758 13232 
1177 2259 6150 9302 10542 11075 15550 
436 
2912 6716 6756 6840 8887 11980 12093 13914 15629 
1165 1369 
3642 9865 
1163 10704 
2298 2378 4183 4191 9706 11288 12522 13352 
2034 
1160 3282 8679 
9284 
1206 4234 5567 10686 
1158 2611 2911 4019 5487 8901 
10774 14481 15721 
1167 8047 12456 
3917 
1141 7767 
15191 
13708 
11219 
4137 
511 
4663 7980 10240 11576 11837 12030 13839 13882 
2466 4895 11652 14573 
1136 6317 6918 10226 15484 15840 
5852 8080 10946 15392 
1627 8470 9920 
14090 
3985 5677 7570 10725 11188 12216 14324 14923 
1135 10305 11492 
4604 6981 
4305 4996 5626 5777 8624 12876 13874 14841 15040 15504 15763 
1133 9709 12720 
194 2514 3155 5058 5219 6921 10498 12023 12700 14088 15163 
5146 
333 703 871 1946 6194 6851 6960 9490 10088 15445 15917 
1130 1194 7585 
1127 6384 7573 15933 
4502 
1126 1802 6428 8063 8788 9192 10405 11682 12858 13018 15454 
1124 2731 5629 5724 5833 6468 8488 8490 
13982 
1122 1464 12961 15459 
1121 1476 4454 5490 8174 10453 
286 1182 1183 13753 
1115 3585 4583 7644 10022 
5110 7454 15822 
1114 5289 7783 13908 
3939 4297 6816 15935 
1112 
14355 
13187 14709 
2642 2917 5586 5788 10859 11659 14868 15690 
2361 5716 6108 7862 10252 12508 13751 13797 14326 
1108 3171 3543 4401 4432 4787 7066 7925 
709 6514 9350 9564 9965 12438 13005 13766 14142 15205 
4100 6641 11003 
1101 8736 11205 
1097 2933 8153 10501 14007 
13162 
8232 15925 
1096 4096 6036 9361 10338 11457 11763 13086 13192 
727 11599 
1088 10759 14851 14943 
4645 6081 6703 6758 10776 12035 13089 13330 13385 
1174 3081 14276 15515 
9455 
4493 5138 8670 11037 12001 
1083 1669 7480 
1045 
1075 1305 7200 9841 12845 14771 15724 
15457 
14901 
2208 
1736 1855 8069 
5078 
1072 3496 7694 
6831 
1069 5256 8761 9945 10154 13361 
1086 2059 3807 3916 8609 14164 
1067 3102 5715 10691 10715 10817 11672 13034 13951 14393 
8554 11568 
4460 
1051 1926 4598 8850 
902 
7851 13759 13903 
1043 9732 15161 
13401 
976 13896 
2415 
10303 
1042 1304 6430 7681 8823 
1036 1409 1487 2197 3086 3601 4256 7603 8219 14838 
1035 4619 5244 10137 
1975 3871 4158 12653 
3233 5543 
3974 4110 4957 5670 8641 8712 9280 9394 9598 11678 15090 15889 
1032 3976 4642 9502 15316 15432 
2672 13215 
1031 4125 4752 8486 
13035 
1027 2083 4677 5515 6902 7800 8396 9017 13494 14179 14474 15268 
1019 4090 4517 4958 5546 10609 13873 
10614 
2548 
1269 3438 6752 7042 7231 7320 8344 9186 10644 11527 14057 
248 
1018 11321 13384 13451 
1009 2426 4085 4311 8216 8967 9915 9991 12417 14317 15014 
5710 7931 10350 10879 11147 13053 13936 
1055 4545 9735 10977 14404 
1008 3837 5790 11793 11836 12461 13651 14990 15013 15841 15865 
1004 1628 2506 4000 4890 6058 6121 7304 10692 15714 
989 5200 6663 8374 14033 15863 
101 
9312 
9146 
1262 4037 7087 8058 9292 11452 12678 12754 13721 14527 14752 
11152 11879 
1002 
1001 3376 4483 4918 6022 7759 8382 9594 10115 11629 14588 
10631 
991 1688 1735 2461 4524 5757 6135 6336 9437 11220 14460 
5173 
710 2477 3278 7722 13049 14783 15839 
987 2706 9858 
7132 7659 
1386 3162 3541 3861 4384 4427 6965 7691 9074 10567 11688 13646 
376 3957 4314 11414 13122 
2422 
11745 
1230 2510 3564 
1155 1594 6905 15257 
979 14743 
5104 7788 
1379 
6624 
4371 6593 10490 10601 12563 12738 13677 14796 
69 1178 6750 7766 13730 14759 
972 1356 8807 9626 15022 
967 3783 5479 6305 6469 7645 7838 12227 12956 
15621 
1879 2355 3850 4577 6787 9904 11580 
957 6368 7055 10964 15008 15651 
952 7162 13301 14471 
2936 11637 13537 14463 
949 2346 4309 10092 10251 12771 14572 14682 
85 2996 5796 12912 
501 2964 4209 4785 8585 13536 15646 
5828 11977 
947 3897 5525 6605 8140 9901 10457 11453 14434 14934 15139 15571 15643 
3885 
13100 
938 13415 14385 14576 
2202 6581 8041 15969 
936 
13918 
1939 7776 8993 11579 14096 
934 5638 14110 
93 14531 
1321 
2191 
7697 11351 14565 
927 2825 4397 9930 10999 
926 1955 2241 8668 9174 12112 12917 14994 15773 
10653 13475 14484 
2092 3940 9065 13098 
4115 
3144 11230 
10391 
5349 
3345 4344 10886 
910 1762 3334 4761 5418 5865 7148 8042 8564 8998 10234 12429 
3864 8281 10682 11868 
4302 5132 7413 9182 9611 12466 13877 14012 
904 5084 6165 8804 14485 
903 
15645 
897 1474 3444 5027 5172 7353 9168 10573 
892 3335 3633 7370 8059 8387 10489 11646 12349 13261 13270 
2401 3448 4088 4881 5198 7781 12226 13668 13923 
888 
1245 9019 9469 12312 15415 
2581 7663 
2550 11698 12994 13567 14198 14599 15949 
880 4276 8185 8274 10056 14593 
11449 
872 2736 2777 4355 5809 7044 7092 9672 13061 14224 14486 14632 
867 11276 
1110 1881 2975 5290 5512 6608 8254 9685 14217 
403 5316 7302 10279 12928 13676 15909 
937 
12472 
3561 4561 5475 5884 8079 12955 15974 
3797 
956 969 2273 5420 6730 10417 
844 898 2742 4581 4660 6104 7589 10642 11227 14240 15946 
13758 
5786 
1256 3753 12515 15607 
7903 
841 7277 9520 9551 9742 
839 4826 8750 10237 
13210 
887 2663 2894 2943 5260 6880 13538 
1954 
12831 
3691 13723 
5159 13241 
833 4616 6347 10577 10945 
13433 
825 5956 
11604 12825 
1391 2493 2784 2989 8676 9887 11451 13655 14836 
933 1376 3390 4834 7639 11892 12305 12496 13597 
8293 8586 11110 15164 
822 2058 2644 3337 8446 8505 12280 14522 
3992 6794 9819 
621 15821 
2070 
819 7188 
2994 6308 10189 15744 
939 7789 11131 12406 12446 12751 13711 
6169 15066 
396 15861 
515 3651 4266 4883 5175 7225 10990 11156 14157 15113 
11454 
10641 12390 
848 1988 2995 7545 14681 14739 
817 2046 7227 10925 15450 
142 14391 
1189 4244 15512 
318 11340 12306 
1148 5556 
810 1499 6465 7741 11232 12943 
806 837 2513 15283 
1633 2184 2830 3476 5758 6086 7737 
1215 1341 2602 9770 10645 12631 
805 1916 2734 2778 3110 4743 4825 6948 7715 8907 12142 12550 
13311 15485 
3886 8123 12726 
1219 14937 
15950 
1367 2399 6109 9609 
997 8416 
802 4792 5092 6930 12949 14115 15671 
468 4380 4434 5156 6567 10029 
1909 3618 7880 
3287 3570 6566 7662 12651 
796 
846 1686 4315 6551 8986 11878 14847 15462 
800 4367 4969 6190 6682 13885 15638 
3927 4804 
7405 
804 3466 6538 6541 10098 13682 14801 
790 813 1436 1745 3040 3827 5421 5625 6766 8582 9910 11495 11608 12123 12249 13464 14214 15431 
4097 4319 6726 8300 8852 8943 14147 
1071 5157 5237 5905 9138 10491 
455 1068 1156 1259 2248 8097 10944 11584 12822 
324 
14498 
9613 
787 2756 
639 10533 10972 
783 1584 6734 10750 12588 
1914 4369 6739 11497 12867 14780 15435 
2544 2870 4338 4860 6303 8886 9875 10275 10761 12128 13242 13479 13852 
9752 
434 6776 8289 8900 9948 11360 12147 
988 
2619 10934 11195 
2766 7738 10928 
780 6377 8319 
7513 
138 3533 
1159 10163 11191 14002 
779 10448 14951 15341 
8495 11760 
900 1607 2452 4821 10346 11597 13195 14924 15000 
15458 
109 4226 4622 13731 
2222 9348 
771 3528 8181 10639 14100 
8715 
3013 3603 3624 9834 
8120 
826 2417 2697 3649 5498 7635 7772 10901 11041 11417 
12423 14213 
3066 7535 
767 5577 
5321 
764 925 13227 15260 
14867 
1350 7146 7756 7797 9589 
758 2827 7578 13933 
757 9615 10626 12601 14367 15114 15181 
3259 10994 14722 
753 1841 
749 944 1091 1825 3572 3973 6456 9235 9447 9759 11185 12839 13008 
11508 
1326 2121 5725 7460 11816 
423 1270 1387 3894 5542 5858 6742 15980 
744 14650 
743 958 3608 10321 10488 10794 12974 15652 
596 14968 
14757 
7619 8071 11256 
850 2174 2497 2885 7127 10341 10401 12149 12425 13470 13618 13642 
737 2247 13289 13748 15667 
736 8933 
1193 1340 14348 14969 15569 
3768 
5963 10462 14592 
734 
12157 12261 
852 4308 8208 10474 11378 13505 
4971 
4947 5296 
729 3386 4475 12026 14303 
728 11335 
1044 7790 9472 14691 15140 
249 879 1232 1673 3756 5031 9538 10066 11736 12564 13614 13707 14144 
725 7366 10443 15375 
724 1819 3692 5700 6006 7394 8305 12084 13144 13684 13715 14440 
2225 2727 5807 12951 
13496 14674 
723 1415 1471 2628 3264 3791 6763 8457 10451 11107 11132 14359 15156 
913 2297 13087 15858 
720 3417 4624 5443 14881 
1196 5147 6414 10359 13465 15408 15602 
1901 3587 5529 8337 8927 9282 
714 1030 12380 
818 4348 4382 5666 6390 7184 8330 11392 12125 12657 13744 15311 
766 3186 3739 13023 13205 14742 
9000 
4976 7994 10057 14405 
2535 3748 7317 9662 11151 13193 
3043 
6958 15111 
3856 6149 
10089 
8165 12135 
3524 
708 2634 3093 3910 4894 5235 8994 9273 11215 12373 14668 
4602 
707 1904 3912 6995 10213 11726 12696 14560 
1041 5601 10470 
1401 6227 7096 10591 15214 
768 
705 1334 3996 6728 7057 12499 
188 599 1280 5369 8708 10505 11844 12271 12683 14621 
413 3158 8134 9583 11310 
10883 
701 3115 4824 5846 
2263 3883 6174 6894 7144 10978 14649 
700 
812 3142 4795 14037 14063 14477 
3586 3600 4391 4872 13389 15242 
2659 
1313 2512 
8988 
6568 8783 
1936 3535 5495 8957 10075 12532 
10969 
698 1920 3484 4213 4534 5668 9441 11072 15065 15636 15743 
379 8408 9694 10050 11841 
13247 
695 11975 
691 4488 5821 7536 12729 
2674 4428 4731 8442 10125 10330 11735 12879 13312 
8391 
1357 1785 6820 7343 7957 13892 
10714 13356 
2392 7095 7881 10769 
677 5081 6082 7769 14269 
1294 2789 11400 
2650 4568 9160 9257 9508 9863 14623 15866 
9456 
675 5804 
10730 
814 3552 5114 6297 11204 11405 12580 15059 15120 
674 1175 1277 1295 2084 3355 6744 9596 10127 11119 11296 13995 15784 
1551 1641 14247 
845 968 1015 1063 1737 2094 2186 13298 
2026 3359 5813 6980 7314 7922 9871 9969 11382 12324 13186 13754 14850 15253 15609 
13043 14700 
668 
3639 7462 9320 12760 15708 
666 3942 4837 5861 8292 8818 11329 14274 14429 
1244 1410 1543 5481 8008 8241 10664 11365 12129 12424 
1109 9646 
4102 8775 11055 14955 
1373 3362 
999 3565 10857 
7622 
1090 2406 4063 5365 6606 7708 8970 13425 15483 
663 7981 
15665 
1469 8642 
662 4880 5317 6885 7564 8662 9286 10940 15558 
1650 6180 
3483 6768 
6329 7824 8620 10871 
1200 2944 5168 6053 14906 
655 12248 12919 14335 
10482 
1625 10959 12914 13665 13685 14185 15674 
916 1005 1161 3277 4202 5679 5708 13525 15725 
10613 11248 12652 14964 
6146 6858 12012 
652 
5987 8655 
364 5964 10532 10789 11820 12479 13713 
8455 8912 9190 11289 
986 13349 
650 5223 
11590 
3299 5297 5464 5941 6406 8423 8721 12177 14089 
756 7039 12492 
647 3038 3063 5817 8014 8667 12297 14910 
215 
644 687 2276 2900 4842 
3323 
5033 
4597 4927 5789 6090 10694 11791 
4533 5526 5899 5951 7830 8829 10018 12776 
876 1308 1442 7525 8214 8445 9491 9929 12503 13165 13554 13571 15517 
1377 4246 
135 7164 7654 8694 9269 12442 14613 15252 
3879 5264 5844 9833 14038 14130 15027 
638 10787 
635 4215 4506 4779 9147 11532 
522 2792 5441 6967 12810 14197 
11068 14132 
1658 6723 12111 
633 3832 5917 6161 6379 6731 8716 9152 10258 10840 11483 12338 13090 14360 14586 
1120 4131 5096 6382 7012 8545 11500 
3699 5068 5332 9769 11116 13007 14258 14880 14980 
15850 
627 2317 2626 2654 4775 7013 8162 10697 11677 11783 
3034 12190 13354 
3486 6369 12921 14926 15429 
623 1056 1896 3563 5887 6736 9151 9329 9541 11552 12821 13213 15675 
622 2391 3429 7355 7660 8762 9949 11272 12711 
14735 
9909 11614 13844 15913 
4389 11424 14207 15628 
1547 13132 14291 
2018 10890 15557 
1053 3393 6213 
1784 5102 
1348 12558 14209 
12447 
4816 9931 12586 
618 3656 13847 14718 15152 
1892 15150 
12978 
2893 
615 3423 12451 12736 14675 
2594 4059 4784 6239 7868 8828 11570 15877 
614 1113 6437 6947 8460 8780 10300 10564 10856 12534 13670 15789 
7601 
4879 6290 9761 15052 
612 6310 6741 12150 12989 
8209 10259 14129 14710 
5693 
245 2600 2905 6959 10164 12636 12662 12945 13965 15537 15823 
6896 7543 9315 11304 13306 
5746 
533 
10571 
1769 2007 2120 5604 5891 6300 7916 8290 9272 9409 14550 15206 15604 
2891 12719 15028 15031 
2834 4773 5076 
608 3269 4077 8288 8516 11128 
739 1528 2159 2563 3955 4129 5249 8022 8200 10343 10634 14293 15057 15709 15838 
444 909 1973 3787 4455 4644 6480 7446 8481 15990 
606 5721 
6765 
605 4192 6076 6096 6670 6992 9076 9458 11436 12896 13862 
1220 2098 5392 6057 13611 13802 14518 
6585 7847 13302 
1034 2606 6799 8925 10559 14862 
11829 12467 13689 15238 
775 9415 
632 5043 10463 11354 
124 1532 2516 2829 6209 13455 
4481 7153 
604 1275 3925 4410 5561 5782 11475 12061 
5575 6014 9794 10100 14298 
1375 
3340 
362 1014 2040 3522 5973 7097 8332 8680 9041 9616 14290 14810 
619 1434 2930 3611 3796 4587 6658 7729 9339 9746 12155 
329 2737 3083 6107 6342 6903 7402 10027 10764 11268 14821 
1726 2277 2705 3133 6327 6504 8207 8349 8853 10378 10654 14025 14195 
1526 
964 3372 4113 8745 9275 12328 13375 14176 15799 
9095 
6895 
150 1538 2869 4537 5667 7943 8581 11706 14860 
2835 3550 8127 10111 10960 
106 5572 15637 15755 
121 7519 9255 12603 13576 15798 
250 1073 1381 1425 3173 3324 8809 9091 11178 11259 11876 12127 12924 
770 
799 3813 8167 9980 10396 12844 
195 7636 14608 15168 
1026 
2370 4830 9882 12980 15750 
7371 
602 9532 14542 
235 6340 8751 
838 1751 3244 5243 10793 13217 15308 
8439 15036 
3802 5430 7236 9454 9842 12008 15441 
760 1902 1980 7481 10149 15561 15670 
4222 8183 8205 
2216 4002 
2285 
242 282 2496 2499 4075 6205 7621 7787 9899 9964 11390 12469 12950 12969 13635 14255 
229 14443 
155 6822 7416 8453 
2676 
2272 4437 5536 7221 8811 9940 13206 15123 15489 
252 1678 2552 4654 7271 12864 13462 
4173 6044 
529 8129 9044 14280 
1252 4507 
8430 9385 11297 13202 13369 
2349 3474 5780 7514 12474 14351 15427 15495 
9797 
1006 
230 3346 12559 13044 13260 
13 15395 
1867 9261 
7717 14369 
2575 15344 
2763 8005 11443 15751 
330 2373 2709 3037 3995 4414 7142 7900 8299 9127 10670 
2073 3609 4117 
263 2620 3044 3707 4566 5752 8704 10628 11780 12262 14204 14696 15068 15359 15385 15859 
209 255 3291 6977 7832 11198 14024 
148 856 1672 7082 7248 9592 10621 12435 15298 15513 
207 1848 6964 8198 8449 8793 11150 14570 
1082 
1012 1579 
1944 2567 2641 2908 3191 3575 6219 6709 10096 12051 12101 12873 13681 14805 15478 
2195 
13773 
206 289 5121 6464 7874 8399 8536 10399 15463 
1332 
11284 14042 14761 15419 15936 
4313 10386 11264 13139 15900 
258 311 5186 5472 5616 9084 9619 10363 13337 15117 15815 
368 1895 
1634 5874 12296 
9737 11430 12083 
4991 
1372 1570 4999 6201 9028 10710 10953 
3075 8312 15334 
65 613 4130 8587 
912 3918 4987 8991 12484 14740 15361 
8243 
2095 2207 3012 4141 4903 5238 5530 7051 7651 7780 7873 10196 11904 11959 15954 
156 11138 
1494 6852 12589 13124 
202 5726 7670 
445 1527 11009 
1205 2213 2907 9790 10274 11323 13854 
196 985 2342 8637 10054 10060 11833 
702 1282 11786 12004 15716 
791 905 1290 2449 2507 4854 6869 9402 12772 13096 13726 13971 
191 
2393 6443 7244 8235 9805 9911 15876 
190 1046 3151 6054 7422 10869 12553 13582 
294 
203 3994 4014 10885 11463 
12431 14069 
11596 
186 7547 11899 
721 5143 11114 14776 15004 
5750 9335 
1806 
4116 7203 9655 10242 10949 11241 12637 13056 15959 15984 
1982 13031 13704 
13392 
90 13216 
4347 7620 11090 13864 
646 1416 5388 8534 12875 15757 
13822 
1597 4312 
1440 2863 3265 7185 8525 12237 
1863 4482 4563 
851 5711 11258 
184 7692 10629 
3167 4051 4144 8881 10307 10360 10556 10939 10971 13084 
3383 3945 4230 4647 6613 10333 15187 15681 
996 6071 7712 10049 11158 13468 
960 
10701 11117 
312 3566 7928 8556 12679 
4540 4914 13515 
182 4680 6330 11685 
161 2465 7501 8951 11679 15907 
5083 
3303 11391 
1281 1514 
2686 4264 4474 4777 6648 10002 14564 15056 15945 
1129 4121 11035 
4239 5295 5709 10454 
180 291 1078 5231 5614 6226 7252 7739 9104 
8251 8631 9349 9400 15442 
641 7041 7159 7246 7285 10741 12106 13029 14664 15185 15502 
178 
174 
12865 14848 
741 
440 1152 7323 
446 1190 1792 5646 10077 14005 
172 13878 
171 262 509 2818 3284 4425 4495 5370 6132 7259 9515 
425 1214 3648 12900 
530 1925 2244 4154 4608 4864 8548 9262 11572 11643 
576 1964 6528 6989 10751 15169 
4243 15216 15582 15774 
167 
295 6147 
15898 
1029 12450 
298 2495 2815 5957 8398 8917 9744 11012 13329 
735 2320 6337 8145 9958 13645 
2101 5347 7312 
240 11853 
917 3508 15615 
4070 4905 5439 6069 7058 8267 9494 9633 11034 12488 14698 15244 
211 2289 9917 10845 12561 13907 
153 1908 8053 11644 11713 12103 
460 1365 1531 3913 8635 12750 15541 
11409 12481 14055 
463 2138 5770 7129 7972 9924 12444 13129 15465 15499 15981 
12247 15793 
653 2270 3637 5581 8376 8802 9378 10836 
1335 1368 6251 7388 11654 11943 12360 12739 12804 13829 
7288 
228 1346 2653 3574 4011 6935 9610 15428 15765 
1024 3717 3792 7212 8114 11447 12403 14539 14842 15559 
192 388 2584 4208 6936 9675 9902 10422 10727 11081 12342 13063 
12235 
711 1555 4582 4994 5589 8532 11208 13699 15805 
14017 
717 6911 7909 8521 10202 12400 
247 3873 9250 10576 11420 11537 
12510 
469 10185 
4838 
395 8593 9677 10527 15132 
1690 2353 8737 9625 11928 14026 15267 15830 15855 
9830 13277 15024 
432 2206 5276 10192 10522 12539 
2006 2793 5974 12318 15664 
6510 10314 10552 11182 14963 
152 843 2387 2942 3170 7281 
575 
6743 
2765 2983 4711 5283 5534 9605 9617 11102 11118 13765 
1271 2100 3638 3947 5774 8238 9467 10126 10531 12640 15473 
151 1720 3262 4839 5898 7002 11707 14169 14707 
540 1007 4730 6175 7150 7803 8336 
390 2029 2549 5509 9950 10548 12633 14724 
9519 11544 
594 
175 4214 4636 6238 7218 7853 12172 12675 13444 15768 
6667 
1010 1192 8930 
7038 11352 11882 
5532 6933 7239 7548 8366 8415 8636 9121 10681 11312 12626 
4041 
223 807 4366 4845 10255 10331 12042 12619 
3634 
12489 
4843 11615 13473 15735 
1549 3510 4805 
417 943 2909 5851 6791 11702 11946 12239 12275 12386 13523 15050 15093 15416 
450 3433 6083 8260 
236 2520 14804 
1243 11696 
1609 14987 
8347 
226 2082 2468 3409 5371 9294 9352 10989 11663 12618 13045 15020 
12048 12449 15433 15672 
745 4791 6478 14183 14713 
3128 4892 7404 8076 8095 
3759 5351 12551 
11485 
3826 
14172 
1342 2751 4148 4296 4337 6313 6436 8503 9314 11697 13675 13967 14641 
72 1186 4082 12482 
13259 
1052 6957 8501 9199 
704 809 2633 6669 6696 6955 11867 12458 
141 665 4573 9581 10003 
683 
1347 10784 11038 14653 
1364 
2469 
5643 6751 9204 11404 15116 15227 
2960 8287 9096 9814 9961 10739 12850 13383 14334 15511 
740 1143 1284 1572 3497 3872 4237 12975 13458 
3681 
715 2710 3492 4128 9637 13901 15579 
567 642 3520 4189 13269 
1016 4160 10650 
15232 
2605 9137 
17 794 5094 7060 7826 8890 11611 13197 
836 1492 9299 15247 
222 980 1778 3463 7631 9749 9847 
4503 12869 14553 
32 3732 6604 7028 8832 10310 13863 
1556 3028 4961 15661 15662 
14913 
3849 
1033 
2540 10045 11396 13243 14387 
5028 7496 11036 13249 
237 680 7872 9142 10144 13077 13806 15381 
1890 13113 
5454 
719 1319 2239 3124 3343 4038 4442 5623 7263 11376 11461 12303 12796 15146 
1522 6619 
523 3581 4120 4184 9968 10516 15273 
882 3704 4168 5225 7093 10541 11144 12664 15447 
2646 7976 12990 13437 
13791 
134 1414 5903 7118 8024 12006 15159 
5272 8566 
1151 2269 2747 3990 5075 11169 13342 14837 15516 
28 1851 1995 3082 5118 7428 8171 9295 10514 10926 14595 14928 
873 1418 1537 6594 7145 7254 9252 10722 13360 13474 13661 
1994 2795 6048 14086 
50 82 111 2290 2649 3887 4733 5292 5385 5637 6950 10434 10582 13149 14589 
6311 9051 10519 11891 12923 
2356 5112 5698 5848 9923 10801 11830 13388 13443 14490 15996 
2463 6759 9977 12279 15973 
4651 8614 
593 4055 6299 6789 6812 8056 9008 13698 15554 
2898 3200 7438 10420 11635 14419 15893 
416 609 2856 4836 9822 11994 
1260 
13275 15345 
2562 
12252 
10539 
8592 10863 11356 12024 14234 14517 14618 
1283 7421 9118 9962 10648 
1793 4099 10340 13574 
8110 10033 12329 
815 883 1577 4388 6138 6462 7753 8317 8597 10157 13619 14328 15533 
15611 
1180 7529 14421 14469 
5562 6695 9993 
205 555 1171 3744 5599 7988 13069 14555 
164 1559 2395 6813 7656 7863 10587 11311 12767 13570 13577 14065 14358 15576 
5859 14617 
100 
765 998 4040 7363 9982 14070 14265 
1098 2158 14056 
15879 
6278 15685 
117 1025 3773 7591 8821 14155 
341 3539 4400 5584 8049 9499 11271 12722 13321 13373 
88 1285 1850 5642 5838 5910 6499 8318 9509 10702 12351 13164 
485 580 3377 13283 15016 
14831 
8258 
1574 5049 7309 13652 14009 14150 14717 
1717 11201 14257 
992 
9126 
5133 
512 7257 7419 9947 11556 11842 11950 
6929 13883 
1484 14729 
2934 8411 
227 2639 12685 
5001 13819 
37 
2881 6634 12448 15125 15425 
45 5308 8879 15791 
179 3293 5422 9085 10138 10181 10781 12167 14606 15055 
12 1384 1581 2388 7379 13430 15042 
4279 
831 1242 3517 3569 3986 6005 
6208 11032 
332 371 3677 4650 6348 
1323 9800 11509 12518 14113 14175 14807 
3952 
8342 
732 
199 4330 13436 
11073 12396 15788 
7470 
47 1393 3472 4123 4853 10815 13257 
2519 4381 6050 6806 7716 9181 9470 14011 14200 
863 8489 9426 11487 14892 15439 
78 1413 2243 4679 5141 6554 9067 9234 9691 12480 14690 15039 
14246 
398 4535 6332 6371 6629 7755 13208 14556 14863 
35 1516 2961 3378 4793 5380 7764 9277 9976 10147 10294 11865 12749 13834 15306 15333 
945 1093 5431 
681 8433 9466 11511 12058 14135 14651 14818 
3178 7506 7927 11620 15145 
12560 13207 
29 316 1752 4165 4844 5547 6664 12509 14097 14646 
877 923 2901 8314 9042 10666 13393 14915 15126 
1296 1450 1618 5055 10724 11809 12598 15931 
4771 
2957 
3445 
7524 7627 9015 12697 12791 
961 
49 2761 2823 3507 3823 4962 6126 6162 9497 14625 15165 15352 15874 
123 5474 5669 8997 10173 15897 
6003 7172 9444 11742 
4333 6482 8456 10222 15217 
34 1712 4036 8831 8869 11617 11798 11929 
12862 13417 15323 
2016 2684 6355 6574 11065 11167 12025 15237 
3085 10495 
421 4782 5930 7197 10473 11265 13843 14376 15912 
13504 14315 
1833 2478 9064 13374 
7300 8156 12379 13544 
1900 1971 3242 4542 9198 11096 14747 15691 
824 1360 3965 4046 4863 6586 7556 9424 11298 
517 875 1548 1740 2262 3137 4374 4531 5339 8555 8830 10090 12166 15875 
3031 9576 10637 13805 15026 
8691 12940 15001 
91 752 2405 2952 5538 7793 9247 10607 11445 14306 
260 797 1986 4496 10738 
5149 12593 
1699 2427 6009 8392 9225 11749 
4050 4064 4149 5407 7690 8498 11741 11777 13481 14047 14663 14912 
722 1760 5875 10005 10288 12371 
104 2681 4665 15018 
2704 3920 6924 8919 9485 12307 
11 2522 10086 13377 
1439 1932 2500 3263 6064 7768 8136 9714 10016 11401 13950 14507 15430 15845 
55 1359 3695 4885 5358 6893 6998 7889 9758 11721 12616 14137 14173 14492 
1149 4683 9762 10583 12284 12788 14201 14823 
1984 4284 12062 
2000 2570 5792 9356 10904 
1058 1099 6033 8075 11498 
885 2114 3062 15617 
489 751 2354 2986 3300 3309 6729 9489 10362 14596 15809 
253 1721 3160 8533 8673 13663 14305 14333 
6711 
1298 2124 5893 8037 9343 14875 
2464 5082 11229 
865 5470 5486 
366 3806 6849 7070 13320 15384 15853 
516 1552 2162 3422 5889 6550 7031 7816 8868 13196 
2441 
87 343 718 4052 4268 4440 4832 7412 12602 13157 
14768 
5634 
183 1976 3612 4323 7896 13749 14103 
1432 2458 2589 2865 7839 8504 9431 12176 15235 
1449 7606 10413 11822 13066 
169 12579 12756 
1328 2462 2489 2722 3165 4769 5999 7410 7946 9970 15987 
1864 7770 10963 15928 
577 689 762 1085 2988 3406 5772 11581 
2104 
6350 
3851 6261 7266 
2224 
399 772 3068 5447 9825 10352 13134 15160 
1202 1685 8191 12667 12830 14886 15679 
9245 
3094 6492 8370 12313 14211 14703 15229 
5 1827 2534 7730 9429 11518 14292 
8482 
1286 14473 15101 15112 
9989 
2794 5741 15049 
4004 
4547 
128 7465 7784 8801 11880 12037 15887 
1329 11253 
893 3447 4245 7554 11250 13599 15029 
1104 4263 4874 5926 9418 11011 
3839 4134 12212 15103 15264 15956 
7709 10586 
514 11342 14295 14604 
84 2227 5912 6274 7079 7498 8128 9149 11549 12655 
11851 
80 6413 6494 6796 7206 10241 
2568 3365 3784 6423 7016 9371 11933 12208 13105 
2683 3948 4068 10785 12255 13328 15282 
1267 8589 11510 14946 
13064 
340 10392 
1132 
3595 8375 10170 13917 
290 
5088 15030 
221 2768 
10893 
9 2744 3621 3665 3733 6280 8675 
355 2274 3420 7932 9363 15728 
3193 5672 10395 13735 
136 2758 5291 6388 15632 
3342 13486 
3999 4007 9143 9259 9702 13974 
1103 14311 
1039 
9457 
22 15843 
1187 6798 7267 12715 
3 1128 1661 4078 4288 8273 10265 14940 15668 
995 6089 
746 3801 7971 8628 9500 9571 13939 15467 15699 
495 634 1421 2085 2579 4045 4601 8546 14721 14887 15565 
7706 10600 
5879 6454 7586 
1616 3668 13109 14250 
5162 8808 10387 15943 
46 1070 4003 6603 7517 8148 8297 10247 12665 12886 13021 13623 15149 
1595 
4841 4978 7765 8653 11124 11942 12708 13441 14763 
165 244 3148 5924 6043 6920 7155 8520 9475 10337 12487 12713 13318 
120 2850 5835 6193 7177 14049 14685 
11587 14399 
1371 1644 4682 4917 8295 9201 9535 12421 15488 
9504 
4105 7452 15819 
254 
3317 8948 
321 784 8866 15320 
103 299 353 1289 1352 1854 2505 2838 6754 7439 7579 7608 12544 12784 
1138 1861 9300 
2004 3150 4484 4526 5571 7523 7891 9820 11341 12354 
8595 15280 
3007 4699 11019 
981 2873 11193 14043 14232 
281 7750 7811 8464 8630 9554 10981 11380 11434 13909 
12119 
77 
18 1229 10097 12770 
2923 8569 8911 11004 12152 12977 
840 
303 2023 
962 1092 7555 10864 
16 496 
14488 14822 15940 
6318 
870 3314 3722 14406 14843 
9144 
570 2217 3881 6757 12530 
3025 6675 11194 12694 13703 14019 15693 
130 3926 4272 
10780 
4570 5652 10339 
832 3944 7669 
8249 
328 9097 12997 14148 
2177 2230 3356 3817 6027 12996 
2237 5310 5718 5856 10158 10397 11043 14153 14314 
9577 
1640 
400 9712 13331 
1930 3374 6973 9173 11173 12043 
431 6375 7777 13541 
2322 12299 
3664 11974 14457 15885 
536 4035 8776 
699 3245 4559 
315 2787 5902 8789 12293 13701 14072 
10081 12081 
21 1062 2011 4126 5091 10433 12838 13245 
7858 9562 14288 14521 
4704 
1865 
5333 
4866 6110 
2025 3280 4257 6484 7511 12779 13092 14436 15548 
224 6254 6591 7198 8540 9585 9799 12017 12993 13182 13414 13667 15453 
108 133 1811 6783 7037 11384 14820 
14893 
1117 1942 
1615 
1670 3442 
14859 
12885 
5808 13185 
4057 
239 2662 2746 10918 
1087 1330 14795 
600 3020 11609 14441 15154 
3761 15825 
6702 9061 
4114 8394 9921 10592 12737 14168 15677 
777 3185 9983 10312 10460 13572 15061 
358 1963 3908 4798 13746 
595 10950 
266 1247 2326 2791 8431 8880 10063 11423 13691 
2491 6028 
472 2045 3168 4635 7684 9628 14067 
6472 
15 2937 3205 4847 
6580 8885 
5040 11301 
83 829 4417 12057 14194 15730 
578 2185 2615 3767 
7923 13180 
125 6555 6576 8193 
2820 
682 4016 13575 
5090 5461 12414 15434 15644 
4529 7934 
59 899 6988 9073 9258 10581 10822 11472 13258 
1758 7774 11493 
2698 3251 5680 5914 6914 8612 8616 11966 13233 15649 
15335 
835 1511 4449 6525 6859 7128 10707 13230 14828 15669 
68 626 1249 2363 7327 9647 10525 11895 11963 12091 12163 12240 12852 13528 
1419 4420 10118 10285 14476 15398 
2019 4108 13010 
10052 
5193 6188 7083 11996 12872 
414 712 7637 14656 
479 6515 9578 11046 11661 12554 13977 14034 15157 
2560 3435 3762 6148 6324 12394 12735 14371 
56 129 1461 
494 11083 
5760 
10 118 359 598 978 1333 2172 4675 5684 6459 6737 8528 9029 9203 11140 11473 12066 14310 
62 11522 15491 
3135 3213 8601 10071 10114 12224 13041 13588 14643 
1312 4628 9612 11255 
126 922 1732 5506 7011 9512 11626 13508 14008 14506 15353 
7043 13696 14111 
3647 3776 
14524 
679 
38 2767 2887 3907 7376 7892 9555 10996 12242 14942 
71 3499 5191 6223 12359 15277 
3400 3963 12878 15498 
4 864 895 1134 7161 7286 7576 7700 8211 14730 
176 5890 9705 11757 13355 
1223 13178 13531 15927 
965 14244 15199 
950 1839 3553 4387 9880 9988 11395 13774 
304 5768 5773 7326 8051 8857 9679 
131 1292 4061 4177 5041 6221 8491 13633 15310 
12963 13890 
8188 
2384 10184 
370 1140 2595 3896 9748 
14221 
894 1426 3010 3771 6411 9128 13435 14016 14146 14582 
5196 
365 
3224 13979 
7857 
218 564 5002 5095 7171 7278 8113 11074 11383 12007 
187 354 3653 6409 13434 15827 
8264 9932 10244 10246 11364 11838 
1212 5463 6447 
2446 8321 8817 10484 13772 
9484 
1203 8180 
40 3667 5560 
189 5775 
3018 7183 8678 10389 11695 14187 
92 2235 9451 9953 12039 13317 
426 1453 6179 
198 2726 3050 3176 3260 3734 7359 8253 8315 8709 
1844 
14327 
3220 4747 5883 7049 13153 14125 
200 2236 3597 6601 9656 11627 13123 
112 2435 4707 9401 9903 11197 12211 
11631 
2113 4870 6344 14458 
98 1991 3084 3305 7752 8144 8454 9296 12174 12780 13824 
696 14487 
477 1038 3737 3975 8650 9516 10732 10827 11146 13647 14949 
12067 15494 
10872 
4293 5988 6815 7801 8320 8640 9176 9238 9890 12413 12837 14051 15330 15723 
1061 
1629 5457 8544 9068 
750 3126 5989 8972 
1734 4671 6045 8323 14058 14202 14751 15522 
327 531 4145 9093 
70 2916 3052 10771 
2233 2402 3840 5282 6717 6792 10749 
1201 6112 12786 
4709 5325 6189 7534 7958 8484 14087 15248 
561 8950 
14853 
951 1771 4646 6503 6721 7520 8019 10506 11324 11618 11919 12164 13809 13859 14483 14640 
3824 4565 
406 1446 3788 13055 
914 2733 3327 3348 9031 9187 9913 10624 15623 
139 257 2014 3207 6968 11025 
2053 2696 4421 6210 8405 9208 10523 12777 15218 15772 15919 15995 
1435 8328 8575 
6349 15508 
6007 
589 2265 3098 4241 4472 4859 6610 10616 11283 13273 
9080 
901 9049 10268 10657 11336 14944 15363 
3610 6865 7217 
7541 10952 12658 14420 
2097 4689 8910 10041 10877 11514 13224 14121 
6 7542 8346 12836 13324 13534 
157 569 4562 5761 7330 9992 10281 15535 
1647 8265 11161 
144 1593 2153 2341 2903 3588 3841 9407 12460 13291 
6343 
1089 1635 1873 2803 4846 5831 8502 13024 
102 10006 13858 
1320 2566 2941 4176 4790 5723 9346 10036 12605 13627 14180 
114 911 4231 4681 10538 11932 
7835 8729 9465 11377 12265 12291 13960 
107 2692 3011 3468 5945 6354 7033 7995 10809 12334 13973 14277 
7247 
5985 
132 955 4908 5644 6882 7574 9163 9246 9600 12140 14312 
14114 14788 
6700 
181 10051 15053 
1807 4281 4353 4653 5491 5826 7004 7035 12457 12660 13386 
1921 
64 
146 5597 
313 401 3914 6203 7528 9521 10124 10526 13348 13945 14835 
9210 10248 11972 
6824 6828 7032 7242 7952 9133 9569 10011 12741 13250 15051 15506 
3353 
269 12716 
113 14634 
19 6942 
869 4522 8354 8719 13235 
1959 6093 
11121 11399 
697 3475 6070 15350 
3237 13332 14534 
51 2268 4714 6139 6182 7850 8163 8810 13793 
10954 
9523 
7667 
220 3439 7076 11439 
6689 10320 
4447 4746 10560 
119 2254 6199 14911 
6807 11806 
954 2127 8975 13997 15342 
137 2479 5522 9453 
9476 
974 2888 2919 4571 4633 8316 9763 9776 12110 13540 15630 
3218 
692 2809 5948 
338 
94 1173 
572 
10998 
6999 
2300 
122 811 13669 
1276 3742 4021 5222 11187 14569 
3548 7306 7497 7939 8468 9789 15731 
13990 
11814 
1273 2601 15965 
3696 5306 5508 
776 1515 2075 3636 5011 9854 11733 11804 13803 
2069 5681 
335 847 3403 7258 9297 11249 11290 11778 12740 13900 14384 
8372 
387 9614 10076 10726 14004 
1255 
58 363 6868 7726 9063 13637 
256 963 1529 1530 6273 7607 9641 13471 13848 
10404 
3221 4411 7675 7898 8291 8839 9488 
345 8107 13622 
6770 8677 9026 
1497 1859 3215 3568 4229 4548 5300 6784 9442 10414 10429 10929 11415 11450 14878 14995 15141 15304 
405 5793 8228 13605 14598 
9089 14124 
2261 6881 6891 7299 11315 12428 
6473 15413 
761 4012 5935 7255 8109 15007 
11496 
546 2895 3542 10094 11252 
1853 
1355 8553 10179 10608 
4062 
276 1011 1540 3521 4579 4638 8052 8659 9171 10044 10865 
278 
935 1299 7471 15387 
1473 2099 3312 5411 11540 11776 13876 
868 1710 10211 12629 
7990 
36 3687 9425 15606 
105 3481 4084 4512 5017 5155 10078 11470 13596 14781 
10239 
284 1970 2221 5215 9934 10017 14046 
1374 3090 5733 7877 10345 11529 
283 5246 
505 1544 4721 6378 8285 9237 9835 11448 12016 14284 14626 15833 
7693 
648 2367 
827 3735 4328 12981 
3375 
3855 
317 4544 5107 5771 12528 13625 15307 
216 10195 10545 12289 12632 12942 
3045 12186 14769 
8422 
287 411 1791 2418 3120 3261 4695 8497 10040 13154 14015 15566 
292 672 1317 1919 1989 5810 8062 8785 10967 12143 12857 
320 2164 9693 
5869 12105 12816 
369 1107 1500 7107 8562 10699 11768 12504 13033 14409 14741 15021 
8463 
410 
259 
397 4247 5178 10034 12999 13683 
6722 
1100 1611 4181 6031 10322 10685 11761 12170 12245 15860 
1302 
1573 
20 97 1147 4504 8560 9119 9867 13239 13869 15937 
1729 6448 6991 9145 14092 
3080 10951 
233 5925 11949 11973 12399 13835 14199 
296 5606 11744 14249 
374 497 1934 2414 7758 12778 14243 
1703 4508 6571 10001 10204 
297 857 5079 11828 15072 
1558 2712 4345 11408 11501 12234 
300 7947 13179 
5564 
301 3143 14610 15081 
305 1412 2973 11704 14077 
685 7418 9018 9552 10035 14764 15137 
23 568 953 2052 4467 5065 6559 7169 7551 8159 10219 11560 11585 
1022 5706 14824 15143 15251 
26 2703 4465 9957 13986 14052 14470 15528 
3655 
4738 
2115 5877 7372 13445 14882 15589 
6386 8812 10658 11069 11506 13181 14778 
1344 
326 9180 12175 
3843 3998 8307 11133 
6422 
486 1123 2607 6153 6640 6931 7112 9657 10773 11990 
319 1927 3460 3810 4418 5868 8308 8390 9643 9745 9804 
15894 
1643 12199 
6065 11277 13928 
1887 8727 
1343 6060 
2179 13074 
10366 
325 4762 5703 10910 12801 
907 13403 
3272 
154 8506 
3780 
8339 8406 9477 
990 7975 9060 10496 11542 
5655 6191 12704 12730 
4358 
2725 10166 12327 
9228 9812 
482 656 3401 8166 9342 9827 10276 10783 11807 15275 15393 15942 
74 5488 7956 10546 
127 6727 8687 
219 491 2564 3923 4591 4972 7357 8362 8816 9283 10140 
1561 8368 11062 13174 
1812 2403 7977 9738 10315 13527 14281 14480 14548 
1236 1503 1613 1702 2643 3599 6389 8021 8250 10595 14705 15446 
821 3558 4963 6598 7176 8515 11515 13072 14010 14228 14501 15173 15183 
2042 2978 3740 5427 9445 14445 15960 
213 1037 3107 4641 5751 8934 13800 
448 
6975 8551 
931 3774 9367 9546 11910 
10700 
116 1316 2860 3410 8040 9622 10176 
610 2064 5978 6471 6534 7815 13592 
336 2419 3661 5376 7515 7912 9022 9984 
337 9233 
2735 
1217 5568 15583 
2800 4197 
12536 
11206 
339 4505 4553 5360 
3095 5298 7494 7962 11202 11905 12243 13686 15077 15715 
553 8452 10134 12095 12672 
534 13310 
499 6229 13059 13884 14160 15301 
342 585 673 2111 11759 15717 
2559 3434 6230 8487 
3069 4656 6864 8353 12520 12628 13303 14362 
344 
1565 4630 5000 7311 7668 11716 
4786 
1164 3453 4595 6854 7821 8279 8989 11687 12689 
1722 4174 
637 4692 10120 12076 12104 15890 
3477 4147 8477 15872 
348 2141 3163 7701 8605 9501 11174 11945 15368 
3880 
993 3238 8092 8576 8844 9937 10588 10723 12285 12703 14504 14536 14571 15190 15437 15578 
1111 1575 6582 7420 9330 9894 11319 
11962 13629 
4556 5309 9157 9813 11442 12809 13253 
357 2592 5647 6032 9550 9928 15175 
4049 7098 9631 15177 
372 
6424 9032 13763 15899 
476 3518 
1843 2131 3175 3549 5762 6657 7193 9399 11790 12209 12799 13482 13811 15525 
3196 3700 6113 6163 15336 
373 14418 
4054 8006 9944 13293 
2081 5823 7829 14158 14895 15119 15211 
3065 3582 15540 15703 
2932 3026 6322 11388 12495 13615 15718 
442 3502 6155 6904 6927 7315 7612 8388 9048 9328 13080 14496 
929 3983 15544 
1168 1408 2008 7476 
1017 4069 6176 7950 9754 15389 
747 6646 7908 8419 8849 10116 11849 13553 
272 2062 14431 14614 
3405 5247 9803 12639 15374 
551 4294 5458 6769 8882 14502 
1049 1966 3560 3898 7086 7695 9452 9566 10121 11104 12800 12882 14032 
377 2050 2242 3713 4436 4935 8953 13807 
654 
382 559 1725 5080 5153 8046 12731 14170 14174 
1427 
7223 11870 14738 
493 6264 11826 
380 573 597 1366 1915 4757 5019 6542 7917 10520 11437 11533 11642 12124 13256 13958 
381 1878 5433 11805 14099 
1228 4822 8357 10200 10411 11088 14876 
643 2910 4451 4956 8139 8800 9308 9878 15673 
384 924 2169 9525 11575 12300 12398 13234 13972 14728 
48 2287 
3184 5251 6498 7905 14383 
420 2345 5424 7354 11752 12273 13104 15536 15551 
1081 3404 6507 6985 7283 7757 8922 12195 12478 12638 13454 15085 15600 15848 
543 2880 6547 6944 7356 10852 12500 13710 
1000 2841 9092 9888 12087 15349 15475 
2306 14338 
15958 
4089 4270 5611 7335 12884 14683 
386 9185 
1626 1929 10105 
1 2599 7251 9852 12902 14986 
3407 6932 7104 8574 8909 10394 15756 
285 5961 9558 11819 12668 
208 3577 3921 4361 5970 8032 8277 8594 9559 9678 9707 11639 13591 13853 15189 
389 12604 
2147 5206 5590 7929 10291 11013 12732 
3078 
10064 
14 1272 3935 4399 4995 5517 5995 7432 7819 8693 11432 14231 
7879 12846 14809 
2673 
579 2776 5176 5612 6505 7842 9618 12073 15044 
2139 4658 6283 12374 
10987 12222 
391 532 686 2318 3138 9159 9781 10638 11071 12259 
15019 
322 918 3136 8475 10550 11137 
2319 
2687 
524 6834 7996 15626 
2935 15038 
994 1064 2232 9777 11930 
773 816 4478 5598 
212 1917 5648 9893 12344 13718 15972 
10834 
1687 2582 
392 2782 3387 10243 11061 11078 12441 15069 15095 15135 
110 607 1349 4623 5628 6860 11491 14684 15624 15854 
834 9925 12267 14426 
27 8286 
763 7399 12337 
10428 14027 
730 8027 10079 
459 5587 11956 15794 
5372 6013 15064 
1876 10811 12669 
275 13183 
1241 2308 2545 8237 9432 9798 13140 14073 15401 15729 
684 14670 
404 1239 4551 7113 8611 15783 
1233 2955 4180 6637 6898 8941 9279 10668 10703 
170 4992 
2694 4734 8845 
356 3613 6778 
778 2551 3281 5145 6638 
1829 6855 
53 361 11531 
690 
214 2947 6431 6455 7630 10283 
7305 10676 15552 
582 3875 8906 10602 12797 13898 15911 
185 1050 1578 2970 3593 8194 10186 11026 11092 11479 13643 14719 
1157 2386 2843 3833 6518 15727 
2163 2708 8980 9698 11040 11800 12578 13720 
3424 13169 
4621 10868 14715 
975 13091 
2061 4167 6192 9534 9653 12513 13459 15747 
43 7580 12453 
908 5992 
201 4112 5785 8050 14003 
1398 1623 6680 12015 
2250 2797 3459 5277 7105 12161 
419 2440 4688 5502 6954 8944 10485 
231 
874 1886 7617 15688 
7742 
616 14962 
557 10844 
1253 2087 8197 13128 
942 1363 2569 4194 5632 6401 8116 9542 12493 12699 12937 13314 
5165 8427 
4815 6137 9220 11433 15299 
241 2447 4042 5658 5958 7453 7834 8496 9627 
349 1274 2814 4513 9602 9666 11039 12502 13381 14543 
427 2143 2769 3956 4325 6520 10375 12055 13214 
15452 
451 1501 3868 4363 6145 8137 9640 
959 2424 3782 6843 11278 12278 13037 14345 15209 
449 1968 6172 7392 10819 10924 11554 
5130 5763 10287 10574 11621 
1928 3643 6835 13938 14794 
1992 8529 
4726 10627 15215 
57 7484 11406 
3596 11964 
15294 
243 5839 7224 8815 9547 11005 14337 
5105 10273 11782 
2157 
145 1521 3537 4840 7139 7165 
11978 
7156 
99 1169 1576 2283 2730 4320 5236 5950 6524 11339 11488 
204 4092 9597 11050 
2048 6040 6609 12011 
3408 7679 11332 
143 
429 2149 3443 6185 7436 12133 14873 
3147 6092 7491 
302 15680 
265 645 858 5489 8381 12851 14714 15564 
433 
2390 5021 12236 
7109 15285 
7 1309 1974 6037 6470 6884 6940 9004 12361 12646 13418 15657 
566 11347 14266 
1846 13910 
625 1279 2845 6949 9568 
581 4301 5025 7053 8578 10832 11710 11988 12158 14456 14563 15468 15733 
1119 5608 10671 12339 
1310 
1804 3830 4662 6811 8133 9214 9423 11703 13203 13338 14712 14984 15082 
1891 15230 
437 1351 1370 1589 1952 6690 11171 12319 15343 
246 
3961 14059 
1605 2240 9188 11292 15977 
1910 3338 10355 12179 
4939 15075 15948 
1684 
1311 2760 2993 7364 7813 7899 11732 13025 13379 15043 15777 
1172 1998 4884 7991 8379 8837 10191 11222 14585 14812 14877 15176 15271 
563 769 6588 11874 13300 15461 
5004 11397 13299 
447 
452 2651 3222 14118 
454 3153 8334 11775 
754 10099 11712 13467 15313 
1131 2745 5242 7724 8633 12203 12952 15574 15704 
891 1176 1216 1596 3027 5342 10093 10805 11925 15219 
1962 
830 2003 2122 4356 4708 4913 7725 9140 
3214 
657 984 6655 7721 10961 
462 785 8480 9719 10611 15914 
66 2804 12002 15258 
464 5008 5662 6407 14363 
9244 14138 
31 3156 12347 
13693 
542 629 842 1116 2376 3256 5981 6158 6684 7845 8196 9266 10469 11669 12887 12926 13413 13957 15477 15613 15926 
89 789 1818 5240 5854 8335 9050 10440 10777 12225 12861 14014 
465 
603 3119 5020 10795 10838 11460 12819 
1324 12757 
1981 4251 5014 6633 7615 7633 12436 12907 14159 14581 14854 15524 
552 
310 4419 11373 11389 
2135 3979 
588 2071 15243 15255 
2204 12984 14883 
2474 2623 3232 7094 9695 10984 12041 
15947 
467 2190 2707 9267 10649 
474 584 5622 
1872 2702 
12392 
528 2701 4955 5671 11129 11153 13051 13674 
6578 
2364 
95 1680 3628 3690 5759 12684 14235 
2377 5221 5635 5940 6848 10183 10997 14074 
7779 15753 
2488 3230 3672 5009 7081 7374 7455 7485 7595 10706 11333 12517 14661 14708 
6381 
470 664 4350 6420 8039 8682 9111 9130 9644 10782 12701 
471 3189 3467 6241 7100 10486 11856 12198 13121 
4629 
1251 8557 9943 11287 13019 14602 15006 
12410 
890 4776 10563 13027 13818 
8698 
1756 6294 7479 15171 
415 649 5842 7754 8355 9831 11211 13117 13518 13585 
14271 
473 12543 
774 11359 
439 713 4146 4190 10131 12407 
159 3915 8356 
478 620 7989 
7046 
3617 15166 
676 3112 5161 10167 11049 
5834 8596 10742 13137 13894 
430 2670 3035 3117 9090 13135 
1059 
480 640 15045 
970 2065 2572 2997 7648 8814 8996 10898 11149 15032 
3540 13942 
661 878 1080 1508 4091 6715 11530 12144 14894 15993 
527 966 7503 
4480 5986 11418 12070 12205 15518 
483 556 1911 4982 6173 7253 10683 11233 11348 11634 13159 
2035 4034 6837 7600 10293 12930 
2280 14491 
346 7965 12258 
402 1759 13987 
3904 5468 6996 12725 14538 15726 
6281 
4593 5375 14774 
860 1003 2010 6035 6906 7948 8033 12541 14587 15577 
500 3967 4590 5551 9139 11067 11387 13427 
4603 
2984 7553 
8746 14758 14917 
8365 14466 14704 14720 
1170 3140 4033 6206 9254 12159 
394 1491 1730 7115 7136 7469 12426 14178 15079 15923 
1665 2757 4199 6490 8603 11246 13507 
13709 
554 4673 5248 7749 9908 15785 15849 
2369 3712 12080 
293 
8 3625 5886 15409 
1394 2054 6526 8769 
671 4525 6366 7274 8252 
2637 
795 5174 9155 13568 
6077 7734 11717 
268 1231 3116 3194 4827 5445 7324 
488 660 1948 3930 8968 10839 
490 5960 
651 2892 5425 6866 8649 10779 12165 12459 13598 
538 828 5224 12569 
1842 9056 14998 
2819 7719 9967 13397 
889 1701 3576 4998 5415 6839 7986 9876 
3538 
693 1095 1150 3388 5600 5799 7634 9710 10662 11937 13580 13888 14686 
3982 6450 7114 
498 1504 3061 4700 5934 6362 7282 8734 13376 
367 3505 4668 5216 8393 10450 10830 10973 12277 
9165 10547 12331 13237 14499 
25 3720 11947 15641 
7575 11175 13316 
2325 2586 3446 6085 7646 10894 
7007 13022 
4249 
502 630 3845 3909 11843 13671 13902 
3554 
2368 3268 7358 9997 11991 
8796 
5563 12893 14633 
2963 15998 
14865 
12991 
4248 7005 
1153 2762 5583 9492 10223 10497 11693 
3936 5303 7071 15089 
503 1838 2547 10425 12019 12391 
14299 
10379 
2090 5016 5044 10860 12635 
1979 5911 
3172 9649 11907 12122 13569 15070 
1382 1478 5302 5969 6385 6971 8090 11070 11212 12818 14467 15315 
3024 9874 
13761 
507 1358 4891 12535 15073 
160 7785 8848 15360 
574 4715 6055 10610 
4303 5531 6889 13658 
3515 4889 12888 14408 
508 2842 3698 6187 6224 7099 8031 11875 14888 15539 
13760 
1021 2323 6714 8567 9072 14981 
510 5707 
4103 
2385 
513 1775 2966 2990 4550 5265 5784 5825 6030 10478 12592 14212 14226 
4224 
3730 5769 8799 12908 13083 
518 733 4783 9801 14192 
2527 11869 12576 
4600 8203 
4277 
521 798 6501 9757 13032 
4806 
694 6287 
1179 3530 4538 9036 12992 15732 
525 8036 
535 7941 
350 
9620 
1667 5045 6710 7833 8563 8929 12880 
3240 7571 8794 11762 
10148 
79 
539 14425 
932 1557 1648 2109 2379 4195 6548 7760 9708 11846 14151 
3333 
5319 
544 1498 
1361 8221 8833 9002 13334 13426 14167 14417 15660 
547 1689 2714 2976 3627 3847 4289 5497 5609 5857 10403 11831 
1903 3164 12088 13297 13340 
550 
2612 4936 
631 853 5853 6235 
562 862 4514 4659 10820 11993 12936 13832 14378 15978 
571 1054 5756 8373 
14825 
147 2428 3821 3884 4979 9213 14036 14636 14642 15570 
977 1060 3685 3934 4710 6557 9150 
11569 
688 5952 
2150 
3440 
583 2180 7584 11017 11890 15686 
4457 6552 
1815 2066 3307 7078 7566 7978 10235 11057 11517 11766 
197 15293 
1429 
6000 
4611 4617 11559 
2182 
458 461 4415 11328 13826 14341 15063 
2339 8774 
1400 
6296 12890 
884 7024 7346 7572 11176 
1322 2358 3924 4648 4899 7138 14590 14637 
271 2817 2913 3397 5352 
1403 3640 6365 6856 7222 10734 
3710 8856 12345 
1828 
1404 9629 12670 13842 
9403 
81 424 4395 
1406 1510 3114 4555 4727 5046 5907 6673 8459 8867 8928 11656 
14958 
1407 14800 15736 
4549 
1411 4965 13485 
149 506 3399 6862 
1420 1810 3594 3705 6671 7108 7207 11317 12630 12753 13767 14884 15246 
1423 1624 8060 8222 9588 14967 
1424 4262 5955 8087 10455 11683 
4850 9462 12525 14329 14336 
422 2089 3669 6451 7808 8283 8684 8735 11632 12848 13114 14061 15060 
1428 8604 9697 13860 
2110 4028 5588 8215 8242 10207 10217 10349 11085 11883 14594 15739 
1940 
6775 
1430 
9332 
1431 7561 7626 10110 11010 11920 
2072 13560 14433 
3149 5116 6772 7117 8142 13088 
4817 4933 9533 10902 
1433 2170 2597 5980 7559 13503 15188 
8706 9301 14989 
61 587 5683 7397 7457 8683 8861 11111 11142 15497 
1438 
9125 
1472 
1441 6144 10524 10646 
11504 
1443 2998 3092 3394 4485 4599 4968 9422 9838 10021 12078 15999 
1447 5187 6699 7818 8074 9408 15480 
1698 6746 8514 
7072 12795 13849 
6250 12114 
5062 
1448 2112 4048 7665 7904 11612 12575 15121 
731 2027 3478 6320 6496 7345 9684 10708 10755 12377 
2925 3354 7001 7237 11896 
1458 1480 2171 2718 11459 15696 15778 
2315 7065 
10073 13495 
1460 
1462 1482 2546 8584 13151 
140 1208 4931 6387 8326 11640 13857 14760 
1463 3347 4462 4589 5279 8602 8646 9463 11385 12766 15595 
1465 10508 11108 15741 
1651 3016 6853 8057 8623 15300 
3857 7488 9704 12397 14777 15325 15700 
1466 6325 11636 15738 
2630 5968 
2668 9570 11103 13519 
1467 2884 3060 8225 9381 11266 12967 15635 
438 1795 6579 6922 9885 
1475 3363 3607 5266 6592 8018 8078 10737 14620 14659 
4849 6466 
1481 4831 
537 2193 3029 3523 6024 9784 10152 10353 11134 11203 11918 12498 15178 
1485 2999 13047 15734 
1486 15938 
13411 
548 
1488 6338 7740 
1489 12787 
9998 
3056 3658 5397 7805 8104 8306 10731 11755 11803 15542 
14152 
13282 
5400 5449 5767 6963 11864 
1490 6106 6845 
742 3715 12310 
1495 3890 9483 12827 14323 
2738 5299 6649 11416 11675 15562 
1496 11076 
67 1621 3331 4188 6530 9973 
1502 4413 6429 10535 13054 
1505 2555 6234 
3799 4067 
1506 3105 3862 4458 4888 6577 7121 13163 13502 15078 
1507 
4406 
3751 4206 15347 
10367 
1517 1679 1938 3694 3951 4022 5937 8964 13778 14309 14979 
1234 
1519 5293 9326 9906 10365 12763 13097 
1727 3790 5390 10553 15225 15888 
1520 13127 
1524 1587 2948 7569 11754 12020 12266 12470 15654 
2854 3129 4240 7745 8476 9345 10786 11094 12650 14128 
12139 
1399 1512 4306 4801 4893 12068 12523 15501 15766 
3199 7885 10698 12714 
378 11811 
658 5915 11810 12440 
786 1048 1125 1935 3919 4748 6616 14302 
360 3257 
1525 3968 4800 13535 
9986 
1945 12688 13714 
1534 
1536 1933 8859 13584 14264 14907 
1905 14075 14375 
1539 
1601 6467 7219 8026 8720 8730 10358 10368 11613 
1542 1821 
4071 7546 
1545 
1550 7140 7375 10299 13068 
288 8466 9221 11438 13724 14454 15804 
1553 2807 2982 3418 7168 8434 10257 10398 10717 
1237 1777 8146 10014 10197 10468 11638 12577 12623 12820 13296 15745 
1560 7025 10754 11758 
1562 5416 7940 
1023 1899 9129 9780 11466 12445 12849 14523 14844 15867 15963 
1566 6780 7817 8613 9175 9999 10410 14452 14493 15318 
2030 2457 
15797 
2431 3344 5233 5617 6080 6359 7472 9421 10499 14414 
4778 14991 
4086 6442 
1567 2156 2715 3209 3498 7448 7614 8537 10513 10720 10846 10850 13020 
1568 7895 
1569 2299 9319 9369 9659 10074 13391 13796 15226 15787 
1571 2987 5602 9034 
1582 2432 2867 4316 5437 5541 9774 12182 12367 13446 
1585 7211 
1586 1866 2286 2302 2587 6101 8383 9243 9771 10632 11469 
173 3794 5689 6236 7714 8413 9251 10122 15184 
1588 5482 7137 10113 11727 12512 14515 
5100 9016 12758 
1590 14891 
261 
1724 2284 3584 5811 7582 8065 8100 8572 13278 14677 
7301 
1592 3223 13240 
1598 1983 2951 4393 4848 4909 6023 9696 11123 14156 15436 
10458 
5871 10046 
24 309 854 2953 9333 9721 11048 12311 13052 14230 
3701 7151 7844 10718 11666 14093 
1599 1739 3055 3836 6291 8450 8753 9239 10102 
1145 5554 5694 7704 9039 13420 
1600 4950 8112 11281 11431 
1631 3993 5345 10752 14030 
1608 7294 
5327 
3009 6628 
1602 4204 5137 7385 
5455 11097 11747 
1603 6351 6444 8361 13225 14900 
1606 
10767 
3121 
1610 1990 3402 4470 5093 8077 9263 9740 10647 13030 
217 6376 7195 8384 
1612 6361 12100 
2632 5018 8813 8851 9518 11089 12555 14410 
1614 1885 4766 4904 5350 7587 8741 9256 11872 12000 12274 13490 
1617 2904 5712 6745 10174 12241 13339 
8878 
1619 4196 8096 12210 13229 14908 
4404 10432 13548 13609 
3866 5845 11254 11309 14331 14381 14672 
1493 9037 
1620 13712 
1622 
1630 6020 8038 12932 14395 15249 
1972 2515 3411 3428 3848 5406 12557 14459 
3187 3192 3683 6372 10210 12032 15523 
9809 15601 
1632 7733 9933 
2260 8358 15509 
3202 8558 8672 10661 10923 14031 14050 14216 15689 15878 
1636 2786 5042 6160 6969 7609 11562 15127 
1639 2063 2979 3125 3461 3525 4331 4875 4940 8451 13837 14095 14475 14652 
7641 15836 
314 2723 2971 3047 3201 3632 5743 6561 7992 10594 12654 13552 
1642 
1646 4713 5533 6708 9395 9772 11240 11750 12120 12385 
9673 
75 264 1766 2728 3247 3551 5148 7568 8182 11651 11832 14287 
457 2719 3793 3860 5555 6075 6127 9331 11534 12676 13799 15091 15151 15356 
801 2939 6777 7149 7361 8625 14356 
526 14832 
1649 4083 10757 11394 12841 
1652 
4179 
1653 
2771 4198 
11799 12548 13013 
6803 
1655 2304 12454 
13395 
11251 
1657 3473 5379 6233 6439 6943 8435 8977 11769 14785 
2136 7791 15656 
14451 
1659 2977 
210 1541 1852 4175 4835 4910 4920 7133 8301 11223 14597 15770 
1660 
10936 
4928 5355 9313 11030 14971 15567 
96 4729 7467 
1662 4390 5830 8261 9681 11022 15373 
1663 12793 
1668 1707 3141 3487 8386 10983 12160 13126 
5462 6622 10139 
2848 9230 
1671 3966 5217 5699 6316 7702 10042 10206 12755 
0 308 2425 6829 7751 11375 12131 13416 15769 
1675 
1676 5549 
39 9446 12376 
1677 6583 
3000 5783 8645 12036 13016 
1681 2251 2473 3980 4612 5336 8115 9194 9593 10230 10854 13940 
1682 6011 10528 15110 
4211 11494 
2532 4292 5477 5537 9482 10117 10269 11326 12336 
2721 
8891 13447 13992 
1683 9430 9439 11139 13934 15272 
1691 3146 3557 14811 
10058 
4509 6678 6844 11691 12935 
2076 3077 15094 15742 
1692 1801 7526 13524 
1693 5294 7344 
2223 6573 13961 15207 
1694 1906 4023 4093 5864 9503 10354 11018 14301 
2350 11555 15351 15397 
1695 
1696 1709 3101 3157 5356 6156 7296 9081 
2366 2920 4161 13400 15012 15642 
1013 1102 1118 6319 7415 7581 7859 9779 12189 13287 14568 
1697 
1079 1261 2103 3432 5353 7473 9851 10371 12693 13438 13927 15792 
1835 5931 
11209 14799 
1700 5650 6857 8125 13147 14396 
5636 6038 7475 11756 12692 
54 2866 11827 12817 
1705 2228 3641 4377 4511 4712 7417 13673 
1028 3243 4639 6331 6440 7352 8280 11619 14753 
2293 10308 
6345 7250 8298 9344 9895 9912 11714 11859 13048 14676 15265 
177 225 3678 4383 5779 6402 10107 10180 12269 15834 
4008 9658 10558 
1706 6513 
5023 6159 7339 9215 11218 15970 
3325 4649 5676 
1711 3208 14933 
347 1452 1723 4751 8956 11797 12264 
1554 3212 3876 7023 7381 
3236 11422 
4065 
5745 8246 14020 15326 
1713 3614 6346 8681 15786 
2521 7437 12782 14814 14978 
12468 12832 
4901 6650 7341 12870 14497 
1796 
1336 3812 4690 6103 6477 8973 11665 12411 13690 
1714 7549 
9398 
8700 8847 
1719 2785 6838 9195 
4557 15270 
1716 9047 9862 
10829 14744 
9268 14554 15712 
3988 4867 5765 5920 6549 8713 9651 11979 13402 13624 
13108 
1728 4592 5199 13476 
15201 
1738 2617 5136 
6288 
590 1513 2021 3772 4122 4716 5086 7686 9731 11056 12643 13831 14579 
1741 2288 4473 10895 
4074 6200 7298 12194 14109 
5485 
1742 2017 6487 11474 14965 
1744 2439 13891 
1746 4104 6476 6620 8803 9879 11563 
7382 11468 
1750 4259 5241 6659 9316 9886 
1753 2902 4185 4298 7890 9981 10187 10906 11305 11477 13222 13307 13487 
487 1146 1656 2314 5728 7201 11314 13533 13546 13981 14282 14748 
1862 5673 5900 9505 14511 
6656 11044 13116 
1754 12134 13050 
1040 3937 4661 15932 
1755 7822 11051 12829 
3336 10059 14478 15639 
1761 
1764 8072 13219 
1765 8234 8421 
1768 
7059 
2991 6511 
1770 9027 10802 13442 15194 15530 
3682 5057 5126 7101 12695 14552 14567 15309 15411 15496 15560 
1773 10475 11235 
3295 5994 10019 10870 11045 
3360 9370 
1774 2307 3900 6951 10441 11503 13702 14829 
3294 
10123 12987 
1779 6267 11729 15490 
1477 2471 3485 3714 4988 5866 7711 7974 9792 10426 12027 12964 13336 13729 14028 15820 
1780 
1445 4039 9481 11334 12934 15605 
3379 
2480 9459 10744 14191 14343 
3950 4954 5135 5860 6119 14533 15871 
1781 3274 3971 9287 10804 11064 13453 15505 
1782 6886 7865 
14662 
12402 13955 
5944 7435 15719 
1788 10402 
1783 3509 3512 5255 8621 11902 12773 13512 15655 
1786 2859 8590 10833 12671 12774 13448 
2992 9167 
1787 12298 
1789 3316 6563 7276 9112 9327 11136 11795 14108 
12075 
2631 4494 
2959 3765 4975 6825 7560 7597 7798 9676 12096 12547 13366 13636 14205 14364 
1794 1967 6692 7325 11467 12028 12206 13827 14256 14270 14630 
1797 8638 10986 
1798 2253 3741 4717 6204 6489 11217 
10807 11982 
1799 3598 5665 6306 10922 12625 14001 15281 
1800 4981 11708 
14462 
4749 
1808 5015 6512 7243 7761 15346 
1809 2155 6460 10713 13067 13189 
41 2429 3130 
267 1816 2801 3755 4877 5005 8599 8893 10798 12256 15105 15795 
2255 12263 
1813 2691 7334 12959 14079 
9392 13559 
1820 5465 6668 11159 14766 
306 7983 
1822 3902 4820 8639 8985 11953 12094 12281 14890 
3351 3437 4162 13788 13930 
1654 5013 10891 
1823 3329 6166 11179 
4166 
1456 1790 4044 4780 5819 9952 10814 11724 13009 13657 15614 
1824 3076 10254 10437 10481 
443 11516 13131 15941 
1826 3818 4438 5259 11207 13612 
4431 9293 15720 
492 
1830 5975 8836 9113 
1831 2178 2543 4018 6001 7598 10483 11746 11897 14237 14259 
3674 
1832 4076 8549 8860 
12215 
1834 6271 7064 10220 12856 13095 15803 15975 
1836 
3279 5140 13248 13906 
1840 5870 7103 10768 12014 
9573 13679 
1845 2267 
3529 
15764 
1856 3106 4498 7131 7649 7951 10900 14131 
2096 2126 4282 4468 7563 7795 8717 10693 12897 12913 13558 14584 15421 
1301 
1857 6130 7887 13036 14106 15213 15846 
1858 5812 7215 12802 15759 
3820 5204 10253 
3234 4095 15481 
3959 13094 
14339 
3419 4111 12824 
1860 
15503 
7008 
385 738 7050 11157 
1868 13039 14413 
4585 4973 11524 
2759 5109 5323 6645 6997 9310 9601 10570 12330 14577 15233 
1869 2292 6056 6626 6676 8004 9572 11273 11731 15471 
6041 7629 11976 
1870 5949 
2140 
2946 
5134 5661 11186 
1871 
1457 2518 7015 12895 
481 2134 2146 7762 
2434 10284 13148 13407 15771 
334 5288 7313 7398 8441 8644 10920 11228 13309 15934 
2281 15195 
1874 3332 5160 5301 6435 7021 7377 8492 11224 14699 
2876 3760 4745 5507 15906 
1875 
1224 1997 3834 5278 7713 8343 11796 12322 
1880 
8168 9810 11934 
1882 
12335 
76 11122 
3869 3962 4477 5408 5505 11177 14039 
7687 10136 
1884 4813 5378 6660 8757 8984 9303 11163 11960 13970 14660 
1888 
1889 
5329 
1893 2420 7143 7968 8272 13323 
274 8918 11906 13167 
2231 9700 
6134 9689 13255 
2962 3288 3415 3811 8322 8760 9116 11440 13264 
1894 2187 7682 11670 
1897 2168 2558 6925 7289 7672 8143 12574 12944 13600 14849 15697 
1898 13322 
1402 3727 3786 4554 11282 13177 
2093 3049 3414 5501 5971 6564 6572 8106 8227 11471 11722 12807 
1918 4606 15634 
1645 
1922 2013 3145 5459 9586 9755 14896 
1923 2148 9211 11817 14279 
8149 9025 12581 
1924 
1257 1999 3254 6452 10797 11547 13506 14297 14512 
896 2383 3022 4768 4898 5061 7918 8663 13836 14368 15331 15658 
920 1731 2526 3578 6246 14330 14549 
1937 2588 2775 4376 5179 10150 14905 
1943 4799 8154 15967 
3536 7235 8499 9506 11983 
14300 
1947 5177 5444 10165 12465 14872 
1949 2748 3315 3458 9669 10065 11456 13419 15162 15399 15460 
1913 8648 
1950 
7643 12698 12702 
1953 15256 
11648 
5553 
1956 2648 5394 9436 
163 7264 8969 
1957 4948 9734 
2857 3620 6186 7189 
1958 6010 12953 14104 14190 
6171 8671 
2656 13998 
2965 3763 7593 
1960 14354 
1961 
1977 11337 
2211 3516 9291 13717 
3532 8359 10549 13865 15379 
1969 2413 3030 5528 8224 10376 10424 10659 10862 10962 11257 14267 14665 15581 
1985 3298 3357 4343 9664 10753 
1987 7731 12388 
1993 3064 4637 6067 13499 13904 
2001 8840 12610 
2002 2504 9873 10203 10684 12647 13483 
4886 5705 7226 8797 14583 
1218 1222 7102 
3450 
1444 7036 11970 12346 15407 
3697 
9271 14105 15444 
5778 9419 12988 14562 
2012 3341 4409 4693 
3183 5305 
3190 3531 3989 6644 6821 15619 
1417 4232 
2015 2258 4235 5494 6061 8591 12138 13085 
1776 2556 9059 9066 13915 14390 
2020 2658 5550 5888 7260 
166 8512 10687 14319 15088 
232 983 7902 7930 
2024 7395 7431 9884 
628 14697 
2028 
2808 9427 15808 
2031 5428 7683 8871 9071 11690 12594 
12283 
2032 2700 9725 
2266 5312 5373 
13254 13889 
2038 3469 5307 9994 15695 
2310 15314 
1883 2036 4203 10048 14278 14547 
3662 4005 4607 6097 10334 12898 14000 
8226 
2039 
10907 15864 
8527 
3296 6707 8447 8913 12301 13543 15403 15592 
2041 
3430 
1142 10228 
2047 4728 8338 9632 11566 11662 15474 
14186 
2051 3725 3865 9623 9652 12257 13948 
2490 5776 5894 6215 6697 6961 7080 8276 9391 13488 13549 13912 
12154 
3203 8147 12003 12381 15377 
2055 4907 5064 13980 15287 
2896 4163 4260 15198 
2056 3949 15705 
15707 
9811 
2057 9010 15754 
8665 9359 11260 
2060 7378 8835 12389 12568 13733 
73 2853 4032 9645 10678 11425 
2067 
8692 
2675 3766 4572 7611 7677 
2068 2878 6952 7337 10873 11839 15054 
7809 
1674 3456 11105 
2729 4150 6639 6665 11700 13421 
820 5188 11358 12272 
2077 4329 5192 6438 11243 15466 
3286 3676 10606 11740 12966 15092 
3729 
2078 5881 7119 7463 10970 
11481 
7342 
2079 3828 4584 7933 9972 10826 10968 12353 14294 
2086 4929 
4925 
3605 9040 14929 
9724 
2088 5841 
2105 
6916 
1210 13583 
2107 7926 
2108 3451 4327 8239 10955 11428 11923 13941 
11808 14229 
1704 2690 3071 4698 6052 6556 6938 13739 13790 15620 
2116 2679 4764 4949 5218 8275 8409 8749 11889 12072 15464 
323 1209 3219 5359 11403 15224 
2118 2528 4155 9848 12642 13347 14864 
484 586 591 1814 5692 6966 7424 8565 9305 10993 14177 15147 
2119 13833 
44 1965 2330 2640 9513 10238 10746 11190 12761 14139 15197 
2125 
2411 3169 6042 9480 11410 15332 
2448 6102 8284 9131 15882 
2130 3227 5615 6178 6244 7347 8270 12034 12491 13517 
6910 
1978 4788 8458 8942 9449 11521 15067 15365 
2132 2382 3054 5802 
13520 13983 
6596 
2133 
1077 3863 8865 12855 
3089 7537 8870 
504 10633 14957 
2137 2335 2359 
8011 15262 
3471 4997 5714 6681 8513 8772 11630 
2144 2189 6970 
2181 6446 8202 
11591 
6694 8282 
5493 10227 
2145 
2151 
7338 
2152 2509 2578 4466 4736 6363 11189 11908 14575 15155 15328 
15476 
5892 7544 13125 
2128 5281 7179 12192 13333 14996 15259 15366 
2821 3545 4098 5469 7602 8786 12099 
14171 
30 3688 6749 9565 9642 11077 11770 12906 15992 
2154 
565 
3198 3711 11602 
2160 3195 3626 6509 9276 11650 
15357 
1105 4966 10598 14166 
2321 4735 5574 6018 8084 12395 
3877 10384 
2161 3306 4732 9688 10745 
2166 9098 
1817 8340 13547 
2167 2851 3123 8217 9580 10855 12970 
8795 10380 
2173 
1757 2400 5228 5271 10740 12834 12916 15317 
2176 4906 9087 10884 15327 
15868 
1076 4118 5322 7794 9575 10143 11664 
2183 5399 12113 13398 
193 3825 7303 13511 
2749 4765 
946 5120 8826 13112 
2196 
11080 
8771 11586 15790 
2198 3503 4223 4339 7125 7806 10383 14852 
2199 3889 4855 9460 
2200 4407 5815 10849 11285 11854 
11499 11546 12904 13954 14062 
2201 4372 7229 9101 11006 11231 12514 14806 15752 
549 1020 3313 3381 6021 6248 6612 9788 15955 
3339 7530 9229 13152 
409 6474 
2205 3248 5036 6277 11961 13919 
2209 13262 
383 
2530 
2210 2337 2974 8474 9397 11023 13367 
351 10109 14792 
2212 9498 11765 
2693 5896 
2214 8350 11730 
3573 
2215 
8402 
2453 3645 9357 15829 
2218 2329 3041 6826 7969 8138 8313 9003 9464 10663 11398 11550 13335 13846 14679 14959 
3579 4346 6595 12473 12486 14048 
941 5580 6120 7122 7182 7406 7802 8363 10689 13246 14145 14412 14437 14465 14902 
2219 6425 10958 14706 
2220 
2226 2498 4433 4521 6483 8702 9474 10803 
1181 3465 5862 12053 14432 15046 15529 
456 1847 2824 4295 7192 7650 8132 15625 
1941 5254 9038 12065 13932 
2238 4106 4135 5535 8397 13295 13603 
2460 5340 5791 9384 
60 678 849 5417 6314 6652 6725 7019 10919 11247 12270 13498 13976 14021 14797 15296 
3006 8724 9033 
2245 3369 11015 
2246 
7699 15748 
2249 
2252 5404 6051 14044 
2256 3882 4280 6128 8093 9680 13861 13994 14746 
2257 14932 
915 1303 1637 7202 9751 9868 12583 14346 15922 
2264 8187 
6370 
2275 2484 4464 7510 8025 8121 15221 15779 
2279 
6181 6575 
1197 14519 15594 
2282 8511 10729 10976 15337 
2291 10842 
7967 
466 973 9690 
2294 3366 
2360 2858 3290 5766 7773 11667 12254 13305 
2296 
1470 6570 6928 9545 
2303 7336 9158 14936 
2305 5396 8223 8834 9634 10975 
2309 8309 11788 
6939 9557 
4132 
2311 6872 8959 9274 10209 
2312 2608 2740 3758 7935 8410 12054 14123 14754 15367 
2129 12316 14772 
2517 8098 10512 10824 11286 
2324 5328 6339 6915 14313 
2327 2487 2660 6059 8473 12615 14101 15575 
8656 
2328 2754 3159 4718 8523 9324 12181 12332 13150 15702 
3984 8028 8437 8583 10675 13343 
2380 
7075 
2486 5720 10216 14580 
2332 
545 2833 5906 9527 15482 
2812 
2333 3181 7864 13394 15041 15800 
2336 3253 6713 7256 13672 
2338 6334 
982 8732 
2343 15683 
1803 4796 6453 9054 
2344 
2348 10530 15472 
86 1767 2899 3302 5686 5837 6136 8561 10262 10510 11024 11320 11366 11855 11995 12005 14711 14798 
2351 4463 5125 9478 
15222 
2352 
4911 
3023 3555 9979 15118 
2357 3815 9260 
8333 
5169 8201 8898 9877 12401 14120 14316 14639 
234 519 1106 2362 3326 4133 6133 6686 9045 10476 11355 14322 
2372 2666 2773 8068 11900 12843 
2374 8190 8779 9624 10009 11164 11168 12641 14076 14559 
7350 
2375 3058 3779 3854 6516 6701 9638 10266 13959 15305 15358 
2381 
3562 
2389 4984 15023 
6358 
2394 8029 10565 
1583 4722 6712 8784 12769 
2396 4479 5639 
2397 5966 6735 6832 7696 8632 11852 
9971 
2398 5234 9507 
9900 11199 
2810 3079 5185 5405 9591 11225 12947 13781 15869 
2407 6117 6268 8924 9775 12071 13856 
9905 10421 14053 
1772 4856 11245 
2409 
3559 
2412 
1226 4897 5740 6502 9817 15555 
2416 4923 5806 8467 8955 10808 14225 
636 
1144 2005 2408 5552 8579 9829 11936 
2421 
2423 5832 14532 15048 15107 
4461 
2091 3903 5719 9285 9660 13288 15129 15414 
2433 3017 6875 10151 11196 11327 11701 
2437 6974 9162 13866 
2442 6078 13741 14248 
2443 6486 10537 12721 
13562 
280 3275 4143 14945 
808 2583 6237 10748 12929 14961 
3182 7531 9837 11802 
7269 
2444 
1733 12420 
2009 2049 2313 2454 2621 3046 5798 7280 8045 11861 13664 15687 
2445 2577 2822 3736 7328 7985 10329 13450 
2451 
8763 
6953 
2467 5106 11345 12717 12901 
11371 
5250 5607 5983 9289 14239 15929 
788 3067 12145 12545 
2470 2523 9248 9440 13141 13294 13325 13644 14671 
2472 15520 
6391 11658 14349 15130 
541 1227 1479 4332 4405 4492 8195 8961 12132 12432 12582 12728 13263 15295 
3726 
2476 6364 14899 
5413 11101 
2481 3931 5674 6978 8426 9526 9864 12098 14939 
2483 
2494 10277 
1207 1805 2883 6797 8725 15394 
3809 4453 5189 7014 7884 8843 13469 
2501 5742 6983 7984 8507 9132 10146 12109 13899 14897 15071 
1198 3328 14545 
940 2826 10736 
2985 5519 11435 14793 
2508 
1047 2074 4013 
2511 10053 11840 12933 
2524 2553 2603 2680 3283 4703 4912 5656 7532 9722 13937 14251 
6228 8418 8444 8842 9231 10236 11033 12585 14931 
4317 14439 
1254 
3255 10400 13828 15924 
2529 3673 4274 4334 5030 5119 6408 6850 7685 7944 8522 9603 14285 15002 15047 
2533 2798 6738 6946 7045 8770 9189 9428 10656 11368 15964 
2537 10313 10889 14193 
667 2574 3074 3204 3623 6164 9767 9907 
3396 
2538 3318 3659 14140 15666 
2613 3750 4541 7367 7493 8085 9172 9978 12022 13011 
2539 9094 10351 10763 11660 12433 
2541 
4546 6643 7907 
2542 5516 
2614 5566 7897 15599 15616 
4518 4794 7661 14262 14296 
592 624 4360 5736 9373 14648 14898 15775 
2557 7666 11969 14755 
2561 8889 
2565 2958 8236 9941 10841 13687 
270 1996 3490 4539 6282 9832 12691 12734 12985 15062 
3470 11367 
2278 9336 
2573 3822 11603 15339 15851 
2576 4490 5855 7888 8210 10705 14791 
13887 
617 
453 3210 6475 7268 9075 9366 11941 13102 15058 15087 15136 
2580 4696 7135 8157 9354 9443 10932 15545 
2591 5593 
6814 11226 
2106 13160 14182 
3100 5163 5195 7089 12490 15109 15492 
2593 
2596 2799 7474 10169 11539 13752 
5897 9528 13756 
2598 7964 10876 14085 
2604 8937 8963 9043 10652 12982 13136 15108 15180 
3122 
9086 12364 
4172 5275 5803 8978 10004 10674 12219 
2616 3482 9107 13133 
12976 
4138 
2627 12874 13012 
4523 12823 14605 14827 
2629 
3179 12706 13943 
7959 10031 
6781 9364 15939 
3527 4278 7270 
279 418 2340 5576 7147 7625 
2635 5524 
4072 
2636 7623 
13855 
2638 4459 5047 6909 7180 7624 8838 12049 13480 13589 14787 
3457 
2645 4365 7152 7949 8091 10043 12570 12627 14091 
1715 9100 9692 10010 12828 13563 13875 14397 
2647 6631 7213 12533 12624 13198 
971 1533 7786 9548 11674 11884 12546 
3096 3752 
6892 
2652 3580 4283 4723 7411 7901 12644 12859 
2655 6218 6795 7562 12531 14528 
2665 4739 4873 14833 14904 
2669 
2671 8792 8874 
7240 12526 12556 12883 13285 
2678 
2685 3216 7208 7504 8669 10599 11512 14054 
2688 
14866 
2695 
1451 2622 3775 5504 11684 
2699 9340 
12798 14122 14535 
2711 7111 7735 10037 10452 10579 10848 11086 11411 13641 15722 
2713 12747 
2716 
8946 10055 13456 
2717 9881 
2739 4043 4354 4487 6207 8103 10719 11313 12765 
2741 
1455 2502 2664 3166 5847 8179 8401 8778 10068 13616 15737 
2764 3311 7508 9549 
7599 11573 
1154 3650 
2743 8352 
2750 
2752 3042 3421 6941 13115 13845 
3039 6262 10182 11130 13058 13557 15694 
2753 2837 4359 5343 5483 5696 8854 9718 10853 11939 12217 12452 15920 
7290 9217 13626 
2080 4261 
3680 
2755 
2770 7720 11386 13662 
3958 
2780 12595 
12382 14628 
6565 14816 15782 
793 1084 3480 3814 3978 4740 4803 8462 8469 9379 14615 
2783 
2788 
2927 6732 12835 
2790 
2796 14695 
558 2271 4423 9124 
2802 2872 3108 4632 6249 9012 9778 11784 13825 
781 3693 4252 6589 9747 10084 10103 10494 11655 12268 13770 15440 
2805 
42 3057 9413 10957 11344 12362 13489 14401 
2806 10442 14325 
4476 
375 1459 3177 3724 5268 6632 7538 8296 9845 10069 12141 15816 
2816 7495 
4136 6125 7287 14770 15097 
2828 7368 
2832 3702 9733 12881 
7492 8199 
3491 
2844 3858 12320 14188 15182 
2503 3427 
2847 
15015 
2855 
3671 6142 10061 11981 13988 14541 
2861 3368 3630 3731 3905 4802 4970 8877 9099 10956 11545 
2862 6847 14846 
2871 5946 8949 13742 15241 
2874 3319 4823 12288 12965 
2875 
3746 5440 8364 12983 15831 
2877 
2879 12611 
9148 10085 12314 13551 
2882 12130 13477 15832 15918 
3589 4291 4408 5434 13079 
2117 2295 2404 2525 5998 9786 11112 14918 15148 15354 15740 
2886 4497 6762 8617 13539 13816 15802 
726 919 1185 1468 3228 4307 4324 4574 4588 4921 7558 9288 9866 10087 13649 13870 14622 
2889 3646 8920 11913 
2906 6357 13290 
2915 8101 10419 14673 
11728 
11374 
5872 6562 7854 8248 9014 10444 13158 
2918 15034 
4335 5764 6434 9543 11715 12294 14970 
2921 
2922 3373 9416 14638 15286 
5738 
2928 
5128 8099 12477 13327 14514 
2929 15892 
5663 7919 13461 15003 
52 
2938 3721 4228 9223 10982 
2940 12231 
4216 5154 13220 
2945 5205 6767 6923 7676 8806 11948 12302 13046 15133 
3231 14789 
2954 4250 
10309 
33 1395 4193 7308 12233 14307 
3500 
2554 3938 4781 9560 10128 10212 11299 13279 13716 14561 
2968 3455 3604 5341 7084 8478 9713 11858 15553 
2972 
2980 3271 4989 5053 6265 6312 7369 9995 12705 12742 15324 15423 15758 
3008 5824 6785 9438 10172 12979 
238 1580 3426 3789 4020 5713 8175 8385 10471 11160 11353 11924 
3413 11350 12116 
15405 
3001 3635 6546 8192 
1094 1248 1278 1664 2618 5067 6034 7876 9815 10916 11213 11600 14045 
3088 7464 13850 
3004 
921 1837 4299 5690 6270 7998 8035 8647 10327 12920 
3014 4945 6873 13093 14082 
3015 10231 14472 
3019 5267 9055 12229 15288 
3370 5520 8177 15096 
3021 4398 5252 11989 13719 
3032 3258 5627 7516 8124 8894 9207 10190 12232 13038 13782 
12060 14600 
759 1563 1907 9766 11676 
3033 5410 7477 14520 15086 
7166 13211 13798 
1564 1638 2967 3361 5921 10205 11267 12089 12191 12597 13042 13648 14455 15391 
3036 5744 15098 
5476 13412 
3051 
4171 13555 
3070 5613 6458 
886 7848 14879 
3073 11427 
1268 6211 6255 6380 8733 9202 10813 11279 11578 13542 13650 13743 15701 
168 601 2720 4634 5123 5496 5523 5545 7434 11633 13236 
3087 9522 
3091 8747 9849 12501 
13319 
2840 3301 3556 5688 8990 9406 10690 12775 
3097 
4001 12059 
3099 5117 14468 
3709 8958 11938 
6302 
6091 
2459 5585 9599 13040 13071 13764 
3103 
3104 9650 12847 
3111 11079 12762 
4026 7360 
1708 4664 5800 6026 8896 8926 9802 11692 11887 13745 
3118 7938 11598 13545 14347 14435 
162 412 5210 5959 8884 9671 12246 14263 
3127 10439 
2188 3906 4219 5070 6560 7970 8158 11893 12915 13694 14357 
3449 3583 
7728 
4439 7000 9353 
3631 
3131 5605 
4983 6315 10502 15099 
3132 4448 5596 7447 9224 11165 11465 11767 11789 12031 12621 13082 
273 2203 4031 4079 4275 6972 15526 
3134 4285 4980 12348 13737 
2868 6976 
3139 9818 
2316 5129 5426 5885 8607 9110 9561 12357 13353 15005 15261 
2531 
3152 4238 4342 5747 7458 8155 8939 10344 13728 13916 14631 14921 
7034 
1263 
3154 6876 14966 
8550 14992 
2175 5863 10812 12085 
3161 13725 
1354 3838 5209 8781 9298 10104 12805 
3174 9654 12724 
3180 
1518 2234 4862 6500 7348 8256 9539 12519 14645 
3188 4286 5797 6761 7443 8425 11016 11441 14874 
1166 2450 2949 3933 8618 12434 14438 14871 
3197 
1162 1523 2839 4290 5166 5814 10640 10806 12063 12686 13423 14731 
3206 9954 
3211 5202 8580 8935 11303 15710 
3217 9859 
3289 
12102 
6286 13893 
2455 2931 5923 9860 
3235 5395 6143 7913 13276 13463 
331 393 14370 
3239 3571 7331 7442 
2811 6047 9471 10032 10911 13457 
3005 
3829 
3241 
2981 3113 5037 5039 8987 10456 11548 11595 
3246 9461 15678 
3249 4139 6216 6599 8577 8855 10272 10941 14018 15519 
2123 8420 9872 11605 
3250 4412 5089 15100 
1065 1749 7451 10047 13228 
3252 
1139 3109 4124 
441 
3266 4027 
12505 
3270 4758 
3276 3546 6245 13814 
1912 
3292 5544 5932 13604 15142 
3072 3229 9760 13099 
1546 3602 4942 10529 11926 13566 
3297 
3304 13268 
560 9898 11689 14601 
3308 5354 6019 7703 8764 9563 14516 
251 866 11526 12439 
3310 7505 9103 11053 
3321 4178 4655 13953 14930 15870 
10062 
3322 6084 7565 
1747 8135 13156 
3728 6304 6421 10888 12356 
3330 5361 5456 10141 10390 13405 13595 14525 14544 14551 
11242 
6607 7400 8111 
1066 2334 2430 4669 6919 8500 14116 
3349 13146 
3350 4107 4694 
3352 4273 5072 11042 15521 
3358 
8652 
4030 
3749 
3364 5794 
3367 4610 5262 8233 9368 10762 11444 12891 12927 14386 
3371 14320 
9916 
3380 12121 
1405 4974 7521 
2624 2849 13634 
3382 6527 
2590 15470 
3389 9196 10665 12230 
948 
3391 6118 
3392 
3395 7861 15319 
3398 3769 
15234 
2846 14210 
3412 8268 10356 
10544 
3416 3835 6544 11154 
352 1315 3534 6323 6647 7120 11986 
3425 5558 9511 
7689 
7688 
3816 4207 5377 6532 13026 
3431 12960 
7228 8664 13810 14446 
792 3719 5032 11027 13452 
3436 12958 
3441 
4720 4887 12325 
3462 3745 6674 11162 12506 14119 15220 15852 
435 9088 
3464 8329 9918 
3479 
6693 9699 
6405 6993 10843 
2677 2852 6912 7063 8432 9358 14558 
1396 
2 5473 9212 9487 9869 10263 14389 
3489 7362 14332 
15400 
3493 15372 15994 
3494 3703 3972 7186 14222 
12617 
3501 8130 
3504 6984 11877 12045 12986 
1877 3285 5286 6393 7478 12613 13779 14856 15167 
3506 6842 8395 11951 
115 158 611 2142 4265 4697 6706 7073 7241 7796 9635 
407 1345 2724 2779 5180 15713 
2033 6301 11723 13738 
3511 
3901 6987 8923 12341 
2229 11455 12591 
3922 4210 10615 
3514 10302 
2043 4200 5144 6779 10215 12168 
3519 14952 
3544 5060 5631 10493 
5035 5038 6115 10985 12009 13175 14678 14953 
3547 8696 
3567 5263 9846 12317 12811 12962 13346 14275 14657 14947 15951 
3591 11143 
9414 
3592 7174 7778 10480 12826 13579 15378 
6718 13118 13266 
2661 11214 
3606 6307 6805 8220 10695 11582 12464 13244 
6907 
3615 4702 6979 10382 11058 11922 
4056 5313 11502 
5335 7307 7710 8899 12687 13897 14241 14629 15915 
1057 4977 5127 7652 8007 10584 13840 15952 
3616 7486 10145 
3590 7792 12681 13200 14196 
3622 7408 
859 5034 7396 10672 
3629 4861 8088 
3644 10436 
3652 6039 6094 6764 14869 
3654 11141 
3660 12783 12957 
12082 
4814 7425 
408 11054 13879 
3666 
3943 5182 8325 11944 14422 
3670 
3686 
670 2165 3513 4819 6517 7124 8186 8304 9193 11505 
3689 5909 6258 10156 12137 
1535 4564 7056 8054 8756 9405 9836 10651 10788 11338 11734 15828 
3706 11519 
2536 6962 12781 13975 14407 
3708 6553 9661 15179 
3716 3803 4543 4810 5258 5314 5620 6540 6808 8247 8436 8819 12079 12244 14094 15760 
4164 7333 12939 
3718 10816 
3723 
8824 13722 
3738 10677 12507 14380 
3747 8066 9524 14644 
3754 9006 9720 14112 
7429 12148 15807 
3764 8908 
3778 3991 5895 7332 7539 7680 10377 12524 
11845 
5384 
3781 6651 6846 
7020 
881 
2864 4567 11300 12745 
2482 2609 2732 8916 13617 14537 
3785 6615 7126 9290 10612 12408 12733 
3795 
3798 4375 6321 14398 
6016 
659 1483 8331 9727 10935 12946 15276 
63 3002 14102 15104 
3452 9936 11894 
3800 
3804 5480 11671 
1293 2436 10623 
3808 4932 13851 13925 
2571 14253 
3819 6900 10507 11155 12404 13326 
3831 15976 
3842 11574 
7837 10155 10765 14756 14920 
1388 
1264 2831 2836 5401 5942 6049 6275 10028 14220 15386 
3844 
14619 
277 1454 2956 4536 5414 7204 7291 9530 9595 11007 
3846 
12326 
8962 
8697 9703 13620 
3852 5521 6177 8164 9102 9264 9665 9773 10290 14304 15580 15633 
12854 
3853 8263 11931 12029 12117 
3859 8311 13204 
10199 
4684 6309 
1718 5059 5908 7500 9079 12899 15124 15902 
2022 5348 5829 7234 13252 
2897 2950 5101 8345 
3495 9975 
3874 5357 6328 12136 
1137 8606 11421 11593 
3878 11172 
1604 6519 9853 11940 14802 
3675 
3888 14068 15369 
6195 10630 
1591 3619 6899 10974 15487 
3891 8152 11363 
3893 
3895 15962 
5073 10015 11270 
3899 9510 
8773 
3928 13692 
5820 8710 10562 13491 14107 
1748 7882 10554 
3929 
3932 14557 
3941 4058 5334 5594 5993 8229 8244 10232 11115 11577 12033 
4053 
3946 
6719 11561 
3953 
1509 
3954 
3892 4631 
3960 
3964 6352 8494 10445 12220 15647 
3969 
3970 5518 12115 
475 520 
3977 4340 5659 5732 7550 7605 9005 11216 15776 
12483 15856 
3981 13075 15676 
13801 
307 2037 9796 11957 15254 
3987 5591 6063 
3679 8231 
3997 6383 7090 7238 8302 8731 11935 14669 
1339 1743 2667 8271 8559 8755 
4006 5478 7632 
4009 6295 6782 
4015 4287 5510 6800 12238 13000 14268 
4952 
4017 4373 8654 9553 9816 
12538 
1392 4797 10171 15910 
1306 12622 
4024 
4025 4029 8245 8689 9136 9990 
2926 
4047 6986 
4060 5212 11681 14083 
4073 
9337 14203 
4080 7920 11824 11909 15486 
3805 9956 12387 13838 
4081 9567 
4087 7673 7782 13780 13984 15422 
