ER2000,r_hop_max-1-uniform,1
1958 
1949 
1946 
1943 
1941 
1934 
382 1178 
646 875 1157 1309 1350 1661 1674 1703 1765 1956 
366 688 843 927 1015 1399 1902 
364 472 693 1056 
358 659 749 867 871 1063 1106 1135 
351 673 1446 
24 280 323 498 1392 1425 1481 1574 1615 1643 1735 1883 
344 
981 
232 293 550 
1043 
349 508 603 932 1034 1130 1648 1920 
328 443 536 830 1061 
285 1064 1475 1885 1957 
386 
11 
296 1086 
269 812 956 988 1175 1192 1659 1986 
88 520 697 1094 1549 1762 
643 
1216 1266 1360 
338 401 457 645 1219 1244 1263 1321 1420 1614 1695 
276 504 653 703 1846 
1411 
261 
727 
725 809 952 1513 1722 
255 423 641 761 776 823 1014 1383 1492 1676 1857 1864 1991 
1555 
252 
494 740 789 1009 1010 1182 1431 1496 1538 1628 1739 1842 1861 1918 
362 752 
41 723 1294 1356 1980 
1313 
249 721 1116 1805 1912 
335 383 689 770 1649 1904 1979 
248 879 
244 367 1927 
125 206 318 559 779 1059 1522 1633 1701 1740 1759 1761 
240 
237 
189 373 514 793 897 903 953 1026 1271 1454 1671 
1138 1230 1375 1632 
1504 1972 
257 392 1170 
235 633 1077 1228 1235 
755 1111 
150 325 453 714 1004 1267 1281 
379 
467 491 837 914 1470 1484 1512 
308 
782 857 999 1218 1404 1473 1776 
227 282 679 773 1132 1203 1238 1993 
408 1151 1798 
224 305 
711 
862 1499 
223 
575 
873 886 1310 
220 758 860 865 878 1071 1089 1556 1859 1906 
217 555 1030 1500 1708 
12 137 1265 1942 
377 
216 585 1041 1548 1694 
274 735 861 
329 791 1067 
354 460 618 1222 1299 1412 1418 1477 
1827 
272 1091 
214 1465 1809 
380 
1355 
213 835 1800 1889 
1188 
277 1448 1704 
353 464 747 
210 613 992 1438 1818 
265 1700 
233 518 1716 
204 1207 1658 1886 1939 
198 599 866 1017 1558 1807 1947 
18 516 
195 842 1239 
212 
412 432 459 470 506 1062 1073 1617 1816 
326 
192 887 1084 1234 1330 1970 
190 337 686 852 939 1274 1422 1434 1711 1870 1965 
345 532 757 783 1343 1802 
231 785 
186 1185 
82 246 294 1093 1520 1962 
183 
182 211 696 
908 916 1442 1996 
1778 
360 804 1058 1123 1720 1791 
175 339 545 1163 1668 
301 1049 1117 1964 
170 880 947 983 1187 
288 476 1211 1398 1432 
168 765 820 1209 1245 1517 
957 
165 
311 808 1104 1337 1495 1781 1828 
425 1677 
243 1403 
172 1931 
892 991 1035 1124 1231 
64 161 236 554 617 724 985 1509 1569 1869 
1459 
58 321 624 661 1213 1241 1417 1521 
49 347 949 1691 1733 
256 1664 1755 
95 371 946 969 1193 1536 1684 1911 
48 143 441 501 792 801 815 822 847 1066 1102 1389 1498 1590 1603 1647 1736 1868 1937 
47 174 193 384 474 581 690 896 963 976 1036 1292 1320 
16 381 565 635 1588 1637 1657 1789 
38 1302 
43 370 1488 1570 
234 
1764 
219 563 824 1397 1646 
1551 
701 
72 993 1032 1060 
396 420 541 
65 
589 890 1743 1897 
200 1194 1642 
262 1050 1079 1490 
986 
52 446 495 553 576 614 1016 1212 1563 1613 1641 1844 1960 
91 564 1114 1594 1981 1998 
81 100 1107 1332 1440 1507 
9 327 431 935 1226 1774 
6 139 393 970 1553 
19 158 363 378 1382 1491 1787 1815 
238 680 
20 26 32 403 437 1121 1367 1543 1561 1602 
315 1040 1467 1745 
59 71 123 271 469 616 631 677 731 1242 1345 1830 
50 
54 487 
134 
120 440 
452 781 
1012 1806 1916 
250 
722 1433 1940 
218 528 630 1169 1176 1351 1361 1524 
74 221 1471 
283 447 481 531 626 642 960 
67 478 596 669 1206 1624 
46 628 850 851 973 1341 1539 1896 1968 
66 102 103 205 330 958 971 1095 1115 1259 1385 1687 1945 
1519 1982 
60 463 819 1112 1180 1347 
292 583 1560 
632 1620 
77 299 479 549 582 612 964 1168 1797 1985 
1296 
122 201 320 
1358 1565 1872 
40 461 1284 1656 
45 199 287 302 602 832 1136 1390 1529 1651 1747 
34 203 651 864 1006 1110 1133 1283 1566 1955 1997 
0 821 1070 1166 
458 505 567 846 1318 
61 488 1103 1270 1324 
648 
678 955 
15 37 1801 1808 
114 510 1758 
149 
25 1493 
5 62 93 273 348 375 605 904 1052 1126 1269 1368 1437 1881 
57 979 1680 1995 
56 
398 580 1099 1295 1311 1458 1622 1734 
75 
53 267 405 439 1164 1279 1505 1591 1631 1698 1952 
741 764 
917 
117 577 795 839 968 1757 1867 
1803 
115 1221 1339 1443 1653 1853 
42 258 1749 1795 
4 1225 1391 1768 
538 685 729 1597 1915 
730 1480 
215 445 1240 1374 1645 1769 1989 
537 1252 1771 1852 1983 
1349 
164 923 1272 1301 1589 
390 
17 173 848 1165 1338 1840 
36 502 666 1892 
1429 
7 171 424 753 1038 1255 1461 1527 1550 
83 140 881 1007 1019 1142 1457 1585 1813 1913 
2 80 202 1177 1583 1718 
587 1584 
197 526 1018 1087 1357 1784 
86 1027 
99 
266 533 1029 1215 
1567 
133 395 1525 
343 595 907 1045 1085 1096 1593 1675 
841 1250 1756 
94 413 547 609 912 1139 1479 1611 1714 1858 1863 
113 905 990 1303 1702 1930 
369 
419 1247 1340 1430 1468 1486 
660 
8 22 307 359 361 551 621 656 670 687 704 1072 1416 1746 1919 
649 
147 247 1254 1394 1544 1951 
1860 
148 529 732 1407 
207 309 333 588 943 1101 1134 1153 1533 1616 1629 1678 
385 996 
1576 
342 492 668 1179 1623 1928 
21 101 374 433 814 1278 1666 1777 1823 1826 1948 
312 376 695 1227 1248 1444 1564 1636 
1891 
23 119 404 718 1199 1618 1723 1839 
1898 
391 407 416 766 1726 1880 
275 569 
35 
341 1363 
365 1042 
68 929 1249 1370 1573 1845 
127 578 
153 480 924 1592 1966 
28 29 959 
286 499 
1125 
70 
242 
167 289 1987 
78 346 728 994 1327 1542 1601 
39 534 831 950 1020 1483 1696 1936 
96 177 209 241 742 1346 
340 561 611 655 743 915 1445 1796 
98 638 936 1054 1198 
188 760 945 1532 1799 
1097 1155 1754 
298 
69 303 966 1149 1452 1469 1667 1788 1877 1923 
268 336 604 634 657 829 1013 1082 1456 1829 1907 
79 169 284 548 586 1268 1307 1692 1738 1866 
159 713 1847 
977 1024 1088 1372 1660 1665 1865 1909 
884 
84 184 450 485 598 1108 1304 1314 1387 1415 1742 1763 1837 
524 1023 1510 1903 
317 397 
870 
87 417 625 663 684 1005 1326 1419 1961 1994 1999 
465 
14 225 913 1396 
116 132 421 654 909 1353 1515 
51 73 226 562 877 1148 1373 1540 1655 1879 
389 
1300 
1171 
709 
13 512 
263 483 
388 853 1039 
229 
1051 1625 
319 
1414 
572 681 
92 97 162 304 998 1518 1531 1887 
124 
1850 
121 
105 1205 1607 1713 
573 
357 1001 1118 1447 1817 1831 
260 442 455 523 806 1119 1154 1767 1905 1924 1932 
1377 
10 44 76 1109 1393 
185 
1401 1494 1640 
1724 1855 
109 368 706 799 1047 1264 1963 1974 
751 
790 1760 
482 
111 1145 1699 
1950 
672 1033 
118 592 
130 1413 1728 
196 540 1707 
135 178 334 444 810 1131 1502 1526 
1621 
136 350 800 816 1530 1841 1914 
104 151 
63 129 131 
471 
138 601 882 
1402 
142 579 931 1122 1369 
473 
542 
1427 1562 
144 146 156 484 568 610 944 1599 1900 
281 671 
571 
55 126 245 594 637 692 754 780 836 876 1474 1534 1705 1721 1893 
155 194 239 615 906 1873 
112 620 636 
1243 
259 
191 558 1582 1644 
777 
154 290 1083 1424 
160 300 584 
145 179 222 270 324 665 834 1287 1428 1436 1577 1786 1819 
1405 
387 1379 1388 1710 1811 
1681 
394 622 
750 
1650 
400 
402 1105 
406 691 708 951 1821 
411 607 
181 1953 
414 1975 
1882 
1812 
415 784 989 1021 1423 1426 
535 717 802 1202 1712 1766 
418 763 1258 1682 
430 1925 
434 1378 1464 1501 1581 1627 1851 
435 456 833 933 934 1081 1557 1926 1967 
436 667 921 1568 1825 
451 712 1055 1214 
468 1535 
477 894 938 967 1608 
574 1090 1545 
208 486 
490 1276 1824 
493 676 1237 1319 1359 1554 1578 1878 
511 525 546 840 1804 
513 1352 1782 
515 1003 
517 716 1697 
128 509 788 1293 
519 1129 
521 
527 
1233 
539 902 1057 1162 1344 1478 1810 1854 1888 
1028 
544 1572 
1901 
557 
560 
291 372 627 1152 1297 1511 1528 1606 1717 1856 1988 
570 664 768 1598 
590 1895 
591 
313 314 606 863 1253 1453 1506 1604 1741 1773 1929 
597 962 1679 
1944 
608 1210 
623 
1605 1971 
3 1876 1890 
639 
1200 
640 818 1140 1654 
1406 
858 1744 
141 449 702 987 1144 1167 1333 1408 1482 1969 
644 705 1011 1191 1595 1663 1709 
1686 
166 316 399 898 965 1127 1690 
647 1836 1976 
658 
662 1673 
675 
489 566 674 1031 1044 1158 1380 
683 
556 1201 1329 1672 
698 1232 1770 
700 
543 891 899 930 1715 1772 
1497 
500 530 699 778 1002 1328 1547 1586 1610 1670 1790 1793 1910 1984 
33 1069 
710 869 1065 1485 
1223 1693 1706 
715 733 811 889 942 1080 1376 1685 1894 1935 
719 997 
720 786 961 1190 1195 1662 1835 
187 1472 1635 
30 152 771 827 888 1365 1978 
736 
738 872 885 1224 1938 
744 856 
1366 
746 796 849 1487 1753 1874 
748 
756 
1098 1400 1638 
759 
264 920 1954 
1289 1462 
928 
762 1959 
767 
772 
707 
297 355 769 
1732 
775 974 1120 1174 1331 1449 1612 
31 106 410 629 1288 1312 1435 1992 
787 1308 
1 107 331 427 854 1172 1750 
1751 
1048 
797 1143 1973 
798 825 
448 
805 
807 
813 1173 1285 1336 1463 
828 
844 
1833 
845 
919 1450 
279 619 838 1290 1421 1725 
466 496 552 794 1022 1100 1113 1184 1626 1977 
855 
1256 1783 
883 1141 1899 1990 
278 1306 1455 
893 1156 
895 
918 1298 
925 
940 948 1092 1229 
941 1843 
1074 
954 
180 352 462 726 926 1183 1323 1362 1381 1580 
975 1236 1727 
1441 
980 
1161 
995 1917 
1008 
737 1575 
1046 1280 
1075 
1128 
310 522 911 1068 
1146 
1579 
1150 1439 
1395 
356 901 
1159 1689 
1186 
1204 1537 
1683 
1217 
1251 1261 1384 
422 454 774 982 1460 1489 1780 1849 
1257 
1260 
1282 
1000 1137 1275 1286 
1291 1348 
85 426 910 972 1181 1630 
1305 
1315 
1317 
306 429 503 826 984 1078 1208 1410 1834 
1322 
1334 
1342 
1364 1466 
1386 
89 507 652 1246 1273 1508 
1409 
108 176 253 322 682 694 1147 1596 1822 1848 
600 859 937 1609 1875 
1451 
1476 1775 
868 900 922 1862 
739 
1503 1884 
1514 1922 1933 
1516 
1523 
110 157 295 475 745 817 1053 1189 
1541 
497 
1552 1794 1820 
251 428 650 1325 1748 
1634 
978 1076 1220 
1559 
90 1546 1719 1752 
1571 
1600 
230 
1619 
593 
803 1371 1729 
1652 
1814 
1688 
254 409 1316 1354 1587 1639 
27 163 332 438 1025 1160 1277 1737 1792 1832 1871 
1730 
228 1197 
1731 
734 1262 1335 
1779 
1196 
1037 
1785 
874 1669 
1838 
1908 
1921 
