ER4000,r_hop_max-1-uniform,1
3960 
3878 
3856 
3816 
3765 
3762 
3713 
3711 
3710 
3679 3806 
3597 
3561 
3539 
3533 
3516 
3514 
3513 
3507 
3481 
3460 
3455 
3399 
3392 3546 3605 
3378 3951 
3351 
3442 
3339 3836 
3329 
3281 
3265 3296 
3252 3578 
3244 
3228 
3203 3861 
3193 
3192 3216 3624 3918 
3166 
3152 
3149 
3147 
3096 
3092 
3091 
3575 3727 3884 
3088 3205 3238 
3075 
3063 3988 
3056 3428 
3055 
3004 
2976 3478 
2928 
2918 3003 3334 3750 
2905 
2894 
2857 
2962 
2847 
2846 
2834 
2782 
2778 3542 
3010 
2736 3700 
2728 3535 
2722 
2679 2888 
2673 
2632 
2597 
3086 
2580 
2575 
2543 
2540 
2529 
2524 
2500 2670 2773 3853 
2498 
2492 
2470 
2432 
2418 3482 
2414 2611 2662 3323 
2402 
2340 3158 
2329 
2305 
3355 
2287 
2282 3876 
3729 
3113 
2279 
2267 
2262 2286 2520 
2258 
2250 
2245 
2227 
2225 3433 
2216 2298 2586 3045 
2203 2363 
2198 3278 
2190 
2181 
2136 
2108 2613 
2102 
2083 3053 3395 
3554 
2076 3677 
2074 
2789 
2072 3462 
2052 2649 
2039 
2026 2034 3291 3318 3916 
2021 
3510 
2390 
2020 3556 
2017 
3550 
2916 
2005 
1964 
2330 2360 
2071 3736 
2067 
1961 
1922 
1907 
1850 
1847 
1841 
1840 
3747 
1835 3037 3112 3266 3678 3956 
1789 2371 
1747 
2729 
1743 2405 
3402 
2671 
1733 
3369 
1732 
1712 3398 
1704 
1690 3397 
1678 1958 
1663 1825 
2346 
1661 
1659 
1655 
2783 
1648 3270 
1644 3035 
1639 
2880 
1634 1982 3529 
1633 
1600 1752 3255 3599 
1594 3117 3131 
1592 
1584 3689 
1769 1968 
1581 
1576 2348 3005 
3675 
1573 
2426 2666 2930 
1572 1753 
1566 
1561 
1560 1883 2740 2899 3359 
1548 2749 
1794 2110 3374 
1541 2440 2936 2941 3275 3343 
1506 
1504 
1502 2380 3524 3563 3981 
3652 
3458 
1498 3248 
2891 
2188 
1494 2059 2318 3782 
1493 2276 2812 
1488 2713 
1896 
1483 
1478 2429 2709 3215 3881 
1497 2409 3760 3831 
1474 
1456 1491 1966 3325 3486 3665 3738 
1443 1875 3641 
1432 2319 3129 3441 
1423 2197 
1417 2508 
1402 2141 2698 3611 
1401 
1400 
2184 2973 
1399 
1394 
1900 3219 
1385 1923 
3924 
1375 
1368 2274 2995 3801 
1353 3587 
1341 
1340 1611 2050 2630 3971 
1330 
1323 1654 
2350 
1316 
1314 1372 3410 
1313 1755 
1310 3090 3823 
1309 2697 3606 
1308 1436 
2849 3500 
2767 
1305 1919 2212 2840 
1296 2048 3197 3567 
1267 1540 1657 1742 2312 2911 3148 
1234 1255 1759 2090 2438 2903 3528 3562 
1232 2488 
1222 
1404 
1218 2288 2469 
1215 
1212 1258 2466 3160 3589 3978 
1211 3887 
1209 
1230 3419 
1205 3792 
1197 1359 3932 
3896 
1343 1957 2908 
1195 2821 
3175 3260 
1187 1492 3406 
2241 2576 2604 
1178 1472 3109 3466 
2051 3116 3247 3454 
1783 1899 2904 
1171 3752 
2844 3227 
1169 1920 2924 3087 3146 
1161 1656 2056 2809 3894 
1153 3489 3588 
2883 
1152 1175 2497 2554 2560 2998 3477 3640 3888 
1150 2663 3644 
2549 
1142 3573 
1140 1578 1727 2419 2436 3180 
1135 1306 1328 2825 2932 3139 
1134 2828 
1126 3423 
1115 1940 2164 2807 
2684 
1103 1371 
1097 1817 
1094 1951 2879 
1093 1279 1543 1711 2019 2703 2757 2959 2974 3213 
1092 
1927 3702 3703 
1086 1129 2257 
1067 1111 1213 1214 1684 3079 3434 
1065 1544 1606 2816 
1064 
1061 3592 3628 3804 
1058 2174 
1055 
1046 3133 
1301 
1045 1278 1564 
1164 1666 2077 3072 3407 
1044 
1038 
1036 1109 1965 3077 3104 3199 3965 
1032 
1028 
1777 3920 
1020 2842 
1017 3585 
1016 2069 2189 2817 2948 3979 
3189 
2115 3656 
1007 1617 
1006 1985 2746 3576 3579 3857 
1004 3287 
1003 2242 3032 3432 
2768 
1076 2692 2943 3422 
993 3657 
2169 
984 3430 
967 1916 2105 2528 2985 
963 1113 2095 2157 2361 
955 
944 1386 1441 2694 
2171 
942 
941 1057 1194 2307 2735 2913 3049 3290 3383 3443 3854 
939 1241 1455 2316 
937 1821 
934 
930 
927 3081 
1101 1449 2887 3742 3927 
920 1366 1652 2565 2949 
916 2457 3501 
2427 
1468 
913 992 999 2756 2784 2822 3986 
908 1037 3941 
2289 
902 
1948 3029 
889 1100 2137 2690 3016 
1510 2860 
883 
1181 3970 
881 3452 
878 
989 1290 1425 1480 1583 
306 679 782 925 2204 2322 2574 3218 
305 579 3386 
296 872 1718 2321 2965 3935 3944 3954 
295 1788 3119 3772 
2326 
301 1240 1266 1403 1734 2037 2070 2290 2513 2647 2937 3707 
288 2988 3544 3601 
74 835 1517 3915 
102 402 1151 1521 1950 2038 2270 3241 
86 721 1373 1465 1894 1996 2275 2675 2724 2742 2775 3591 
3906 
291 2731 3695 
281 1452 2179 2781 3505 
276 788 
1797 
279 724 933 3167 3565 3646 3733 
602 710 742 891 1546 2651 2982 3308 
713 
749 
268 990 2075 
267 493 2031 3099 3313 3724 3840 
260 285 1605 1813 2160 3023 3457 3662 3696 
209 1396 1694 2028 2240 2790 3001 3862 3897 
947 1475 1980 
523 671 
2382 
84 949 2503 2622 3388 
251 1868 3996 
1145 3520 3638 
730 1246 1471 2686 2864 3338 
265 
248 729 1125 1348 1891 2109 3476 
1730 
538 1208 1297 3319 
240 548 971 1060 1228 1530 1969 2101 3335 3358 
51 858 1770 2086 2185 3746 3808 
473 620 
940 2201 2636 2861 2963 
227 237 813 1687 1936 2129 2215 3401 
219 815 1529 1937 2833 3012 3704 
3206 
121 1139 1156 1201 1419 
313 731 751 1450 1451 2413 3814 3930 
2123 
217 484 1091 1144 3211 3821 
216 1082 
3985 
1249 1508 2246 2919 3850 
914 2449 2627 2835 3394 3847 3903 
423 687 1461 1672 2935 3165 
322 1294 1374 2425 2476 2762 3807 
210 
202 562 977 1614 2696 3373 3461 
201 
1053 1467 
266 660 693 1186 1804 1805 2260 3135 3508 3734 
184 2060 
2922 3448 
196 311 629 1074 1273 1282 2025 2133 2777 2942 
1146 1263 1356 1589 1618 2398 3127 3254 3795 3900 
194 378 2301 2445 2831 3367 3473 3890 
6 164 413 476 555 578 1515 1729 2752 
1744 2674 
228 890 2600 3033 
873 2755 3040 3867 
2557 3697 
491 
1021 1284 1974 3279 
185 743 
182 970 2362 2808 3276 
1470 1569 3200 
176 958 1274 3532 
439 
221 1334 3074 
879 2058 2712 3775 
168 396 594 676 1191 1358 1487 1845 1975 2046 3499 3925 3937 
269 
411 3940 
715 
1193 2078 3543 3966 
165 810 1245 1269 1731 2484 2631 2863 2900 3306 
243 401 525 684 938 987 1009 1370 1580 1846 2029 2442 3024 3025 3042 3372 3518 3527 3883 
158 204 979 1261 1439 1724 1758 2829 3236 3802 
152 252 2493 
2512 
150 1131 2128 2617 2947 2986 3128 3229 
169 334 764 1030 1256 1692 1860 2972 3506 
961 1683 2820 2939 2946 3488 3688 
346 
151 520 1226 1440 2599 3264 
148 650 1933 2112 2814 2839 3084 3186 3818 
37 234 236 394 762 892 1776 2446 2596 3445 
1014 1814 2527 2656 
446 567 1866 3719 3757 
3693 
3078 
235 
147 222 661 825 1043 2848 
527 1570 1586 2793 3668 3674 3931 
3289 
3122 
2532 
146 901 1329 2047 2333 2571 3292 
230 341 778 1880 3299 3614 
1963 3822 
299 685 2364 2564 2653 
26 280 643 653 666 840 1547 2458 3214 3904 
2485 
1364 2079 
808 
818 
142 2517 2609 
3002 
178 755 1042 1098 1239 1773 2383 3778 
3185 
433 664 922 1761 2236 3698 
465 900 1224 1484 2737 2968 3051 3670 3767 3871 
701 1976 2608 2726 
2408 3929 
69 257 1434 1820 2710 3945 
197 440 1702 2642 
56 179 597 735 1264 2640 3210 3348 3416 3872 3947 
29 2659 
212 
193 869 981 3098 3617 3852 
1723 
1671 1879 2719 2981 
1523 
47 1680 2909 
139 2302 2593 
823 2385 
12 93 122 589 804 1291 1512 1597 1623 2199 2479 3187 3453 
27 300 2193 
229 
3174 
2537 
258 409 798 926 1280 1740 1882 2032 2272 2356 2668 2921 3379 
112 214 303 442 826 1988 2525 2648 2720 3470 
1653 2472 3107 3280 3763 
455 506 800 1387 1444 1513 2423 2628 3504 
614 1005 2016 2452 2869 2915 3680 
638 
166 753 775 1070 1268 1395 1698 1772 1853 1854 2202 2658 3120 3764 3999 
2153 2785 3322 
2023 
42 94 928 1040 3418 
513 2195 2669 3858 
50 
3525 
604 
34 1596 2836 
1983 
23 1071 1837 2732 3140 3923 
53 1379 1784 2387 2598 2993 3061 3145 
630 820 2813 3311 3317 
312 
129 238 445 862 988 1446 1932 2734 2776 2931 3251 
190 1415 1628 1635 3018 3069 3803 
144 432 3437 
2637 2721 3582 3737 3995 
385 834 2975 
11 40 172 349 1304 2011 2178 2247 3797 3849 
641 2399 
1001 3429 
256 1735 2718 
105 1435 2431 3648 3891 
55 692 1413 1438 1458 1679 1793 2417 2468 2875 3239 
842 
1779 
162 3653 
46 472 994 1612 2546 
1303 
200 
175 
58 
1507 2237 
28 39 250 1275 1745 2444 
895 1457 2633 2799 
784 
2646 3603 
45 407 1595 1645 2103 3786 
3982 
1525 1766 2954 
161 1736 2278 2664 
35 634 2159 
1915 
1670 
33 526 544 613 1138 1251 1873 2378 3060 3163 3385 3726 
113 309 697 723 1117 1816 2166 2885 3052 3143 3190 3759 
348 1780 2491 3314 
233 
1248 1640 2140 2252 3511 
110 502 575 681 714 998 1469 1621 2519 
1128 
429 2146 2400 
2957 
1132 1748 2461 3321 3810 
539 1620 2395 2841 3845 
1848 2910 2929 3366 
75 1078 1554 2377 3115 3249 3310 3384 
134 1034 2233 3162 3631 
107 2151 
371 
2801 3220 
61 241 255 441 728 757 838 973 991 1448 1781 3426 3834 3910 3994 
117 2352 
0 358 1176 1482 2906 3201 
467 909 986 1567 1571 1579 2547 2650 2741 2858 2862 3300 3400 3413 3740 3973 
670 2530 
170 1320 1555 2355 
118 956 1771 2478 2786 3057 3173 3217 3415 3536 3755 
2725 3362 
263 456 631 668 750 1183 2223 2295 3475 3712 
67 537 706 880 923 1315 1453 1665 1717 2410 2764 3269 3637 3687 3972 
3067 
70 754 1244 1689 1962 2607 3625 3630 3718 
8 318 683 1217 1331 1363 1626 2119 3616 3706 
65 354 886 1775 2081 2660 2907 3449 3934 
494 875 1087 1878 2708 3404 3479 
1750 3144 
297 345 618 772 1382 2125 2226 2877 3819 
3030 
1464 2142 3356 3593 3661 3913 
18 1697 3256 
633 707 1250 1575 3699 3722 3799 
3681 
796 2339 3870 
140 867 1792 2456 3141 3172 3267 
157 1378 3671 
195 249 264 3623 
1738 2292 2343 2893 
155 2293 2677 3848 
1102 
576 649 936 1265 1876 2370 3204 3315 3483 3622 3835 
10 1681 2375 
183 1227 2263 2960 3137 3600 3666 3779 
1324 1407 3942 
186 535 569 1967 2536 2643 2644 3169 3246 3566 3743 
337 617 1293 1551 1790 3615 3789 
583 2165 2441 3021 3669 3701 
19 978 1096 1664 2618 2920 
426 884 1035 1075 1198 2106 3333 
637 1072 1984 2088 2573 2582 2873 
1253 1466 
52 231 364 550 568 905 1782 2096 2331 2515 3223 3509 
302 1069 2332 3393 3769 
2502 3006 
856 1893 3880 
2131 
160 1526 2299 2315 
17 2483 
1 
232 662 2209 3093 3309 3574 
153 652 962 
1295 1699 1917 2443 2806 3608 
24 1651 2163 3065 3833 
211 
3376 
2320 
504 1722 2118 2747 3425 
3382 
1390 3345 
63 1767 2328 2912 3070 3155 
509 2084 3639 
3817 
2130 2285 2759 3952 
3 
644 
85 427 1422 2870 3403 
369 995 3642 
273 1420 1774 2411 3963 
54 434 855 1099 1337 1786 1826 1918 2255 2510 
851 1411 1691 2191 2271 2428 3607 3800 
36 1066 1238 1674 1914 2296 2693 3064 
1884 3110 
612 2014 3863 
104 932 1685 2043 2099 2196 2379 2531 2819 3417 3633 3771 
1048 1511 1808 3328 3720 
275 339 1574 2688 
587 807 
1550 
1210 3011 
791 1326 1728 3368 
586 680 1041 1199 2572 3044 3715 
1642 3245 
824 1184 1953 2042 2055 2107 2579 3552 3691 
171 223 761 2563 2676 
124 156 574 657 945 1539 1622 1714 1905 2116 2183 2951 
289 636 1898 1928 2139 2154 2459 3195 3459 3548 3794 
770 1912 1944 3100 
626 1888 
44 
827 2996 
154 1602 2480 3000 
1276 
205 2407 2961 
336 
487 1119 1166 1855 1954 2372 2496 2838 3132 3295 3503 3555 
3744 
3097 
48 748 
390 
114 
64 
874 1365 
283 642 
1322 
365 3467 3922 
73 1143 2310 2555 3271 3331 
1189 
293 2898 
226 1342 1369 1960 
3082 
516 3250 3537 3868 
3353 
1421 
68 1757 2200 
215 242 1929 2232 2420 3420 3959 
464 1479 1638 1934 3138 
3793 
3286 
253 1008 1110 1333 1558 3439 3626 3919 
412 461 3427 3557 
655 3277 
2758 
71 756 1088 
77 1277 2626 3526 3997 
245 1025 1346 3150 3232 
80 1864 
3928 
1409 1630 3581 3690 
59 
363 485 1416 2054 2548 2551 3043 3111 3541 3659 
143 496 2514 2602 3796 
79 321 331 1085 1603 1673 2291 2392 
843 1080 1549 1713 1787 1874 2489 2654 3498 3826 
138 
108 206 272 952 997 1852 2175 2254 2989 3142 3161 3324 3336 3974 
81 1026 1083 1528 2148 2396 
127 133 173 187 1192 1270 
87 141 208 1200 1924 2803 3387 3515 
2097 
57 607 2012 3660 
109 1380 2621 3619 
116 1827 1881 2113 2727 3968 
353 
3984 
225 1631 1935 2152 2518 2639 
333 1641 
101 639 1204 1414 2612 3288 
72 307 814 1462 1537 2448 3013 3837 3901 
3889 
149 805 1756 2186 2779 3768 
96 552 950 1300 1501 
1518 2738 
278 2304 2389 3967 
76 672 1159 1236 1350 3352 
98 1505 2561 
645 695 1010 2224 
1188 
167 262 449 596 1167 1485 1857 2219 2655 2733 3068 3492 3586 3745 
31 
675 888 2138 3350 3364 
4 646 774 828 1168 1587 2393 3114 3184 3284 3598 
9 1824 
99 1019 1376 1942 
367 659 1216 2714 3118 3349 3991 
2926 
199 1986 2882 
1225 
7 799 1299 1806 1822 2795 3770 
106 2300 
103 286 453 720 924 951 1447 1823 1887 1913 2473 2716 2952 
177 2144 2451 2704 2997 3815 
282 
2 850 959 1011 1598 1749 1760 1886 2601 3048 3123 
111 335 974 1646 1993 3375 
495 1112 1321 3125 3766 
43 2111 3273 
1956 
131 261 528 1489 1676 1990 3583 
1688 2221 
120 
404 
398 1235 2269 3444 3649 3781 
100 329 734 1221 3365 
203 703 1027 1179 2066 3047 3389 3877 
1830 2467 3337 3989 
125 795 1383 1619 1668 2239 2338 2562 2979 
2049 3234 
310 577 816 1459 1476 1715 2064 2615 3330 3629 
128 395 1347 2085 2214 2435 3031 3424 3705 
1819 3964 
130 2244 
462 2053 2210 
479 2145 2876 2967 3602 
382 482 2015 2827 2866 3305 3371 
270 783 1701 1721 2261 2620 3320 
132 3907 
135 
3512 3839 
616 1662 2606 3059 
188 499 1121 1426 2041 3613 
1601 2222 2830 3316 3899 
1360 2463 2526 3159 3178 3263 
317 
392 768 972 1437 2172 3926 
344 444 1079 3176 3188 
2253 
957 2743 
136 663 1073 2487 2765 2991 
2098 
174 368 1120 1867 2045 3050 3168 3304 3798 3838 3962 
1522 2619 3414 
1149 2135 2256 2672 2699 3036 3790 
92 
410 853 894 1433 2027 
515 582 1180 1332 1345 1829 2030 2228 3202 3493 
1242 2134 2956 3405 
137 718 801 863 1798 2094 2155 2349 
3517 
66 847 954 1428 2033 2230 2999 3008 3485 
690 
3164 
1585 2150 
316 1173 3411 
2121 2167 2587 3936 
1609 1763 2434 2475 3594 
717 
3447 
1660 3788 
1172 
181 1412 2386 2595 2978 3207 3632 
319 1127 1949 
1077 1362 1460 1615 1696 2266 3134 3240 3645 3820 3992 
907 2205 2568 2804 3020 3783 
320 833 1056 1959 2283 2545 2874 3898 
2004 2853 3085 3435 
904 1154 1162 1746 1844 3684 3809 3933 
635 2810 3357 3844 
287 332 361 608 1531 1532 1970 2192 2868 3226 3627 3961 
324 1527 1616 1624 2334 
49 1495 2404 3106 
325 1311 2859 
519 1281 1910 2415 3776 
600 704 2018 2871 3181 
326 450 500 606 865 911 931 1163 1285 1431 1831 1971 2504 2702 2856 2944 3342 
327 787 1022 1716 1863 3390 
3282 
1029 1190 
213 806 1802 2780 
330 746 1033 1160 1338 2559 2761 3312 
545 3912 
338 383 809 1231 1398 2745 3595 
2162 2934 
356 817 2336 3777 3830 
1565 2634 
340 
565 
1987 2538 
247 343 374 563 2248 3257 
342 656 2353 3268 
758 1124 1762 2208 2581 2815 3450 3673 
350 1355 2158 2454 
1023 
351 2486 
21 304 532 
376 632 1136 1354 1800 2013 2635 2763 2878 3496 
610 975 1427 1556 2927 3222 3502 
355 564 2589 
573 647 1764 2455 3463 3636 
359 2156 2711 3812 
163 244 418 1062 1389 1658 1677 1812 3183 3749 
315 885 1288 1856 
448 686 917 1196 1392 1632 2007 2082 2087 2450 2754 3297 
3377 
189 1625 2104 2194 2652 2823 3017 
854 1052 1410 
1926 
425 529 1202 1675 1885 1941 2268 2625 3484 3686 
362 689 2748 3860 
323 627 765 3714 3825 
379 
366 
1473 2010 2211 3274 
370 1336 1604 1991 2629 
372 436 1105 
2507 
1252 2495 
531 1054 1170 1292 2474 2553 3105 3354 3440 
373 397 699 811 1500 1593 2061 2265 2499 2605 3283 3468 3813 
463 
696 906 1106 1486 2180 2294 2506 2534 2610 2826 3028 3523 
2787 
572 
736 2872 3026 
97 
803 1039 1237 1892 2585 2852 3054 3071 3191 3471 
375 387 599 1114 1116 1553 2132 2577 3272 
377 3540 3572 
1978 2001 
380 2317 
159 
381 832 1535 1911 2063 2401 2570 2687 2796 
41 551 1429 1562 1647 2170 2477 2958 3170 3497 
384 2592 2624 
982 1477 1995 2522 2681 3230 3955 
386 536 542 2797 3408 
389 2992 
391 
836 844 980 1024 1260 2218 3361 
30 91 126 284 292 468 1463 1765 1946 2369 3182 3655 3716 3911 
393 1490 2238 2424 
790 797 1243 2471 3027 3360 
2751 
399 1095 1408 2805 
259 763 1130 2614 
400 719 1312 1709 1877 3261 3464 3667 
403 2603 
1000 
90 224 357 459 2588 2678 3784 3811 
419 1838 2406 2717 3436 
522 2760 3034 
488 524 571 860 2964 3909 
3421 
1148 
220 1220 1319 1582 
405 688 1707 1908 2490 
406 428 549 1406 1509 2800 3949 
271 435 802 953 1118 1318 1613 1795 2006 2259 2594 2818 3791 
408 430 595 619 968 1803 1902 2987 3242 3610 3990 
414 1516 3728 
919 966 1233 1454 2008 2062 2552 3635 3676 
624 
415 
95 2229 2437 3917 
416 1223 1351 2036 2044 2769 
417 503 868 2281 
239 1973 3076 
871 3859 
1871 2535 
13 903 969 3609 3805 
20 781 1972 1992 
420 
1710 2177 
1307 3262 3948 
421 1870 1979 2460 
347 2366 2970 3225 3721 
866 2251 3634 
2117 3841 
422 557 1388 1533 1568 2984 3156 3412 3558 3828 
2149 
667 733 1012 1496 2344 2902 3446 
424 
1751 2342 2541 2886 3709 
438 3307 3571 3987 
15 431 1524 1557 2854 
848 2337 
1259 2235 2403 2433 3347 3487 3549 3895 
447 1610 2009 2707 2892 3022 
451 1842 2766 2770 2824 3095 3491 3612 3753 
454 3983 
123 360 1344 
841 
5 89 553 821 1418 1536 2376 2895 
457 1002 
460 540 2373 3153 3741 
466 3243 
471 2501 
474 561 1335 1377 1649 2723 2802 3708 
1591 1741 
475 709 1391 1843 2462 2533 2689 2695 
2176 2494 
1081 3294 
470 
480 3381 3490 3832 
477 2422 
556 1650 2297 2388 3731 3780 
481 621 1051 1999 2901 3038 3103 
960 3253 
483 1272 
3577 
1791 1796 1807 2057 3179 3519 3717 3908 
1588 
25 32 983 1405 2416 2705 2715 3208 3451 3957 
486 590 912 915 2306 2569 2691 3058 3685 
2381 
328 469 876 1137 1206 1994 2325 2357 3326 3551 3564 3905 
490 786 
965 1247 2843 
603 1357 2567 2682 
492 1939 2126 2890 2955 3692 
38 180 192 822 1068 1229 1608 1810 1897 2000 2308 2701 3495 3569 3977 
581 1636 2845 2977 3221 3472 
1669 
1155 2481 2851 
274 
511 1013 1317 
497 2933 
62 3914 
779 1998 2365 2667 2881 3212 3530 3547 3864 
996 1141 3151 3694 3787 3969 
498 712 1720 3824 
622 1955 2938 3732 
501 
505 593 1538 2100 2277 2661 2744 
507 1862 2207 
508 2556 3943 
512 2914 3534 
2324 
1693 1869 3341 3939 
514 1445 1834 2774 3194 3438 3620 
22 510 759 1108 1367 1858 2080 3663 
254 1219 3570 3873 
517 1182 1737 1849 2231 2950 3751 
976 
518 691 1667 1700 3346 3651 3730 
521 2384 2464 2792 3136 3855 3975 
899 1799 1865 3101 3874 
543 2264 2354 2798 2884 2940 
760 1836 2394 3559 3664 3758 
16 882 946 1981 2990 3124 
530 3431 
533 1133 1287 3237 
1599 2837 
541 740 921 929 1768 2206 2465 2523 2544 2590 3480 
388 
546 1520 2003 2313 3380 3553 
861 
547 
2753 3958 
218 534 1590 3735 
554 570 1084 1254 3041 3154 3302 
2359 
566 918 2122 2539 
964 
588 2391 2645 3846 
559 677 897 1262 1542 1563 1895 1997 2311 2641 2680 3108 3344 
580 3993 
2073 3723 
298 308 558 2509 
584 
1977 
591 3953 
277 
78 489 1339 1705 1903 2093 2730 3391 
592 3080 
598 896 1577 
443 1157 1271 1289 1686 1859 2889 2925 3007 3014 3157 3538 3618 
191 1695 
601 2284 
605 1104 
609 1015 1283 1393 1785 2542 2683 3976 
611 3921 3938 
452 837 887 948 1063 2583 3568 3866 
615 2347 
623 1031 1552 2143 3046 3301 
625 1430 
82 83 1839 1930 3102 
628 1177 1442 1739 2187 2578 2917 3363 3682 
640 1809 2811 2966 3531 
648 877 1122 1185 1424 2068 2351 2558 3327 
3456 
1286 
651 
478 2147 
658 741 1519 2439 2706 2865 3522 3580 
2327 
665 2243 
1889 
246 1047 2994 3039 3584 3842 
669 
2022 
812 
673 1107 2182 2430 3224 
1352 
674 1643 3886 
352 2249 3073 3596 
864 
678 785 2657 
88 
711 1559 1703 1952 2217 2566 2591 2896 3756 
682 794 2065 2309 2584 3089 3545 3725 
694 1397 2983 3893 
698 708 
560 
700 722 1165 1682 1708 2091 2273 2341 2367 2412 2453 3171 3590 3650 3875 
702 1989 
705 1090 1725 1811 1832 1861 2550 2750 2850 3654 
3293 
198 437 585 747 2040 2161 2516 3396 3465 3785 
716 3980 
725 1018 1629 1851 1931 2323 
846 1607 2832 3683 3761 3869 
726 893 1049 2280 2482 2945 3647 
1828 2897 3303 
727 
3258 
2358 
732 1872 3177 
3754 3774 
3066 3196 
737 
290 294 314 1203 1904 1938 1943 2120 2314 
738 1381 1481 2124 3062 
739 830 2114 2665 3370 3998 
744 
1706 
60 898 1719 2969 
458 
745 943 1050 1945 2234 2623 3015 3658 3950 
752 1906 2089 2980 3121 3521 
3865 
1909 2092 2616 2772 2923 2953 3130 3235 3829 3843 3946 
766 
1947 2368 
767 1901 2168 2791 3340 3672 
769 1801 3851 
1384 2173 3233 
145 831 1298 1545 2374 3882 
771 2971 3298 3885 
852 935 1327 1514 1726 2794 2855 3285 
773 1921 2213 2505 3332 3494 3879 
985 2397 2867 3560 3643 
776 1123 3198 3209 3231 
1637 2345 2700 2739 3009 
777 
780 3474 
207 792 1257 2220 2421 2521 3259 
789 1174 2788 
2303 
793 1503 3748 
3827 
1890 
14 1158 
819 1147 1302 2002 3892 
829 1361 1499 1754 1818 1833 2511 3083 3094 3469 
115 119 1349 3019 3902 
839 
654 1815 2035 2771 3621 
845 1059 2638 3773 
3126 
1089 
849 1534 
3604 
857 1325 2024 
910 1627 1778 1925 2127 2335 2447 2685 3409 3739 
859 1207 
870 
