# graph
# Nodes: 500
# NodeId	NodeId
0	0
0	94
0	115
0	153
0	215
0	287
0	303
0	321
0	373
0	414
0	440
1	1
1	57
1	63
1	65
1	136
1	238
1	420
1	425
1	463
2	2
2	21
2	67
2	159
2	264
2	310
2	359
2	362
2	375
3	3
3	95
3	255
3	262
3	266
3	286
3	289
3	320
3	335
3	497
4	4
4	63
4	159
4	245
4	264
4	266
4	267
4	290
4	337
4	367
4	438
5	5
5	65
5	77
5	80
5	86
5	100
5	148
5	168
5	182
5	324
5	427
5	428
5	493
6	6
6	87
6	153
6	185
6	189
6	478
7	7
7	17
7	43
7	50
7	135
7	260
7	470
7	475
8	8
8	140
8	169
8	184
8	196
8	238
8	317
8	339
8	345
8	383
8	401
8	455
8	493
9	9
9	100
9	104
9	144
9	145
9	228
9	241
9	389
9	442
9	486
10	10
10	103
10	131
10	171
10	236
10	238
10	268
10	274
10	285
10	324
10	356
10	364
10	432
10	433
10	473
10	486
10	498
11	11
11	35
11	250
11	254
11	264
11	321
11	355
11	387
11	438
12	12
12	20
12	49
12	101
12	105
12	110
12	162
12	185
12	218
12	354
12	384
12	391
12	418
12	436
12	464
13	13
13	95
13	251
13	253
13	289
13	457
14	14
14	28
14	107
14	127
14	136
14	234
14	311
14	396
14	466
14	467
15	15
15	97
15	114
15	124
15	138
15	167
15	245
15	308
15	363
15	377
15	392
15	450
15	452
16	16
16	219
16	346
16	438
17	17
17	60
17	122
17	153
17	169
17	180
17	223
17	231
17	236
17	251
17	256
17	349
17	404
17	455
17	479
18	18
18	21
18	36
18	39
18	60
18	66
18	122
18	193
18	224
18	233
18	251
18	268
18	277
18	321
18	340
18	416
18	417
18	420
19	19
19	23
19	37
19	50
19	87
19	271
19	355
19	424
19	425
20	20
20	179
20	265
20	324
20	379
20	386
20	408
20	410
20	473
21	21
21	24
21	47
21	188
21	197
21	300
21	327
21	329
22	22
22	32
22	71
22	146
22	284
22	352
22	459
23	23
23	28
23	139
23	174
23	205
23	289
23	389
23	429
24	24
24	68
24	233
24	248
24	262
24	271
24	274
24	300
24	301
24	414
24	464
25	25
25	64
25	81
25	150
25	252
25	359
25	378
25	451
26	26
26	65
26	70
26	104
26	192
26	248
26	377
26	388
26	481
26	493
27	27
27	33
27	233
27	246
27	269
27	365
27	428
28	28
28	64
28	72
28	96
28	97
28	169
28	219
28	423
29	29
29	42
29	75
29	76
29	90
29	116
29	150
29	250
29	256
29	294
29	370
29	479
30	30
30	71
30	83
30	130
30	155
30	158
30	168
30	191
30	375
30	392
30	431
30	449
31	31
31	63
31	67
31	233
31	253
31	256
31	260
31	355
31	451
32	32
32	134
32	139
32	147
32	247
32	259
32	288
32	493
33	33
33	88
33	190
33	229
33	326
33	388
33	400
34	34
34	35
34	111
34	154
34	216
34	254
34	363
35	35
35	53
35	58
35	69
35	190
35	197
35	198
35	220
35	265
35	269
35	305
35	324
35	345
35	360
35	460
35	479
36	36
36	51
36	55
36	74
36	196
36	227
36	307
36	371
36	396
36	400
36	434
36	461
37	37
37	65
37	87
37	107
37	130
37	304
37	338
37	345
37	411
37	412
37	454
38	38
38	45
38	84
38	136
38	281
38	305
38	311
38	320
38	326
38	329
38	352
38	412
38	432
38	435
39	39
39	138
39	186
39	188
39	318
39	392
39	416
39	426
39	432
39	468
40	40
40	116
40	141
40	150
40	171
40	173
40	238
40	264
40	313
40	356
40	361
40	441
40	443
41	41
41	128
41	132
41	201
41	210
41	252
41	299
41	311
41	348
41	378
41	452
42	42
42	100
42	107
42	200
42	239
42	272
42	310
42	324
42	327
42	426
42	444
42	455
43	43
43	81
43	89
43	126
43	131
43	144
43	179
43	189
43	205
43	227
43	239
43	387
43	458
43	470
43	482
44	44
44	52
44	80
44	109
44	140
44	291
44	448
44	470
44	472
44	473
44	485
45	45
45	188
45	217
45	268
45	335
45	376
45	455
46	46
46	122
46	154
46	163
46	223
46	263
46	335
46	344
46	423
46	434
46	462
46	479
47	47
47	126
47	253
47	294
47	322
47	347
48	48
48	65
48	88
48	125
48	192
48	244
48	261
48	278
48	375
48	425
48	434
48	435
48	497
49	49
49	86
49	145
49	189
49	261
49	294
49	361
49	380
49	433
49	467
50	50
50	131
50	141
50	146
50	196
50	270
50	298
50	388
50	433
50	489
51	51
51	153
51	200
51	269
51	287
51	335
52	52
52	57
52	107
52	115
52	116
52	131
52	313
52	340
52	350
52	416
52	433
52	463
53	53
53	80
53	125
53	209
53	245
53	320
53	405
53	437
53	454
53	459
54	54
54	162
54	191
54	203
54	292
54	354
54	401
54	474
54	484
55	55
55	96
55	153
55	182
55	199
55	211
55	258
55	270
55	279
55	312
55	380
55	391
55	441
56	56
56	108
56	160
56	284
56	405
56	421
56	439
57	57
57	72
57	95
57	185
57	191
57	307
57	328
57	377
57	409
57	441
58	58
58	106
58	178
58	238
58	239
58	276
58	295
58	345
58	436
58	485
58	488
59	59
59	102
59	108
59	199
59	204
59	220
59	297
59	311
59	330
59	387
59	392
59	495
60	60
60	130
60	151
60	175
60	277
60	296
60	304
60	338
61	61
61	110
61	130
61	142
61	189
61	202
61	218
61	243
61	267
61	283
61	405
61	414
61	480
62	62
62	65
62	157
62	228
62	275
62	289
62	294
62	297
62	319
62	330
62	353
62	367
62	476
63	63
63	133
63	169
63	233
63	254
63	331
63	365
64	64
64	75
64	135
64	172
64	217
64	218
64	320
64	439
64	464
64	466
65	65
65	88
65	267
65	306
65	309
65	481
66	66
66	83
66	97
66	159
66	162
66	224
66	415
67	67
67	79
67	217
67	247
67	283
67	305
67	458
67	463
67	475
67	489
68	68
68	84
68	85
68	149
68	152
68	208
68	221
68	266
68	280
68	325
68	336
68	423
69	69
69	72
69	80
69	139
69	161
69	173
69	185
69	187
69	221
69	234
69	283
69	418
70	70
70	85
70	119
70	175
70	184
70	306
70	337
70	424
71	71
71	119
71	158
71	163
71	187
71	317
71	347
71	353
71	397
71	402
72	72
72	76
72	218
72	265
72	292
72	304
72	338
72	339
72	361
72	413
73	73
73	137
73	193
73	292
73	326
73	349
74	74
74	114
74	189
74	199
74	291
74	323
74	392
74	402
74	456
74	484
75	75
75	103
75	136
75	207
75	215
75	402
75	471
75	493
76	76
76	119
76	258
76	355
76	362
76	478
77	77
77	290
77	337
77	397
77	410
77	422
77	423
77	473
78	78
78	174
78	192
78	285
78	385
78	403
78	457
79	79
79	85
79	90
79	182
79	248
79	370
79	451
79	454
80	80
80	101
80	137
80	166
80	175
80	201
80	230
80	240
80	309
80	354
80	358
80	367
80	442
80	445
80	455
80	493
81	81
81	136
81	161
81	168
81	195
81	212
81	221
81	256
81	268
81	382
81	439
82	82
82	114
82	205
82	225
82	261
82	362
82	400
83	83
83	119
83	153
83	198
83	228
83	233
83	251
83	284
83	418
83	445
84	84
84	91
84	94
84	141
84	214
84	303
84	397
85	85
85	128
85	200
85	215
85	338
85	355
85	425
85	437
85	452
85	459
86	86
86	98
86	126
86	172
86	173
86	192
86	366
86	375
86	380
87	87
87	161
87	256
87	280
87	303
87	470
88	88
88	89
88	90
88	110
88	118
88	142
88	172
88	173
88	314
88	323
88	332
88	353
88	439
89	89
89	176
89	224
89	374
89	393
89	412
89	415
89	454
89	463
89	469
90	90
90	109
90	166
90	168
90	221
90	238
90	246
90	251
90	352
90	356
90	357
90	392
90	427
90	476
90	478
91	91
91	129
91	175
91	288
91	331
91	402
91	425
91	427
92	92
92	127
92	142
92	239
92	326
92	355
92	426
92	434
92	460
92	476
92	478
93	93
93	170
93	264
93	315
93	319
93	328
93	382
93	407
94	94
94	103
94	258
94	261
94	361
94	383
94	409
94	466
94	472
94	483
94	492
95	95
95	109
95	126
95	156
95	189
95	209
95	213
95	265
95	329
95	363
95	449
95	453
95	469
95	479
95	483
96	96
96	182
96	200
96	205
96	226
96	310
96	355
96	377
97	97
97	114
97	344
97	351
98	98
98	231
98	255
98	261
98	296
98	405
98	428
98	460
99	99
99	127
99	289
99	353
99	409
99	437
99	457
100	100
100	133
100	170
100	176
100	218
100	262
100	319
100	410
100	419
100	434
101	101
101	132
101	205
101	219
101	226
101	277
101	328
101	332
101	438
101	465
101	494
102	102
102	119
102	190
102	307
102	336
102	420
102	436
103	103
103	123
103	199
103	221
103	270
103	296
103	314
103	410
103	480
104	104
104	147
104	159
104	199
104	266
104	277
104	382
104	407
105	105
105	125
105	158
105	199
105	202
105	217
105	260
105	265
105	312
105	367
105	408
105	438
105	477
106	106
106	145
106	234
106	254
106	429
106	477
107	107
107	115
107	164
107	283
107	403
107	427
107	472
108	108
108	123
108	170
108	185
108	269
108	270
108	285
108	319
108	352
108	469
108	471
108	479
109	109
109	110
109	113
109	177
109	292
109	322
109	326
109	401
110	110
110	126
110	131
110	136
110	152
110	167
110	208
110	287
110	398
111	111
111	185
111	206
111	223
111	233
111	246
111	383
111	405
111	449
112	112
112	116
112	130
112	347
112	416
112	429
112	437
112	496
113	113
113	125
113	279
113	359
113	479
114	114
114	176
114	208
114	339
114	405
114	408
114	415
114	472
114	493
115	115
115	121
115	125
115	286
115	340
115	355
115	368
115	378
115	386
115	399
115	411
115	493
115	499
116	116
116	127
116	132
116	181
116	260
116	261
116	282
116	287
116	306
116	338
116	399
116	432
116	464
117	117
117	148
117	210
117	231
117	342
117	349
117	375
117	397
117	439
117	466
118	118
118	143
118	151
118	258
118	259
118	302
118	384
118	401
118	419
119	119
119	139
119	153
119	205
119	449
120	120
120	130
120	138
120	163
120	248
120	323
120	356
120	370
120	382
120	398
120	485
121	121
121	394
122	122
122	207
122	307
122	308
122	359
122	419
122	486
122	492
123	123
123	126
123	136
123	199
123	325
123	414
123	468
124	124
124	281
124	317
124	322
124	467
124	474
125	125
125	210
125	288
125	305
125	318
125	321
125	383
125	486
126	126
126	143
126	203
126	260
126	274
126	387
126	401
126	459
127	127
127	131
127	168
127	272
127	280
127	333
127	357
127	385
127	398
127	461
128	128
128	166
128	187
128	242
128	324
128	400
128	440
128	468
129	129
129	213
129	231
129	243
129	273
129	281
129	341
129	377
129	400
129	412
129	414
129	467
129	472
130	130
130	158
130	186
130	259
130	277
130	291
130	325
130	332
130	399
130	462
130	463
131	131
131	150
131	210
131	263
131	384
131	489
132	132
132	140
132	149
132	260
132	333
132	341
132	462
132	463
133	133
133	153
133	180
133	207
133	222
133	254
133	270
133	334
133	389
133	454
134	134
134	173
134	211
134	251
134	252
134	297
134	315
134	415
134	468
135	135
135	139
135	238
135	241
135	365
135	484
136	136
136	172
136	195
136	277
136	361
136	406
136	449
136	487
137	137
137	150
137	180
137	197
137	309
137	346
137	378
137	430
137	469
138	138
138	157
138	168
138	185
138	189
138	291
138	292
138	302
138	427
138	449
139	139
139	188
139	297
140	140
140	150
140	216
140	239
140	265
140	273
140	310
140	348
140	463
140	467
141	141
141	227
141	240
141	260
141	307
141	408
141	418
142	142
142	183
142	229
142	301
142	322
142	335
142	336
142	464
142	474
142	475
142	489
142	492
142	497
143	143
143	158
143	221
143	227
143	231
143	282
143	312
143	319
143	405
143	490
144	144
144	175
144	269
144	285
144	382
144	406
145	145
145	164
145	176
145	284
145	375
145	451
145	485
146	146
146	160
146	239
146	240
146	304
146	373
146	450
147	147
147	173
147	228
147	337
147	346
147	473
147	498
148	148
148	230
148	233
148	280
148	305
148	350
148	400
149	149
149	287
149	295
149	416
149	459
149	486
150	150
150	219
150	257
150	275
150	318
150	339
150	375
150	473
151	151
151	216
151	306
151	374
151	435
151	465
152	152
152	211
152	221
152	230
152	289
152	296
152	355
152	418
152	466
153	153
153	154
153	174
153	228
153	305
153	362
153	370
153	397
153	419
153	425
153	474
154	154
154	188
154	212
154	264
154	270
154	337
154	429
155	155
155	158
155	221
155	264
155	377
155	428
155	434
156	156
156	179
156	205
156	296
156	308
156	319
156	484
156	490
156	498
157	157
157	165
157	231
157	237
157	345
157	398
158	158
158	183
158	292
158	293
158	325
158	366
158	381
159	159
159	170
159	196
159	247
159	284
159	319
159	362
159	402
159	474
160	160
160	196
160	298
160	299
160	346
160	387
160	425
161	161
161	226
161	300
161	350
161	358
161	445
161	471
162	162
162	225
162	284
162	285
162	293
162	318
162	353
162	361
162	412
162	470
163	163
163	245
163	280
163	353
163	450
164	164
164	187
164	231
164	282
164	284
164	399
164	408
164	431
165	165
165	174
165	240
165	341
165	383
165	469
165	474
166	166
166	177
166	293
166	342
166	454
167	167
167	218
167	275
167	315
167	320
167	334
167	351
167	458
167	464
167	478
168	168
168	195
168	238
168	244
168	350
169	169
169	174
169	218
169	221
169	228
169	240
169	266
169	280
169	311
170	170
170	205
170	256
170	269
170	313
170	323
170	376
170	406
171	171
171	208
171	245
171	262
171	271
171	374
171	408
171	429
171	446
172	172
172	332
172	344
172	348
172	364
173	173
173	179
173	200
173	215
173	237
173	364
173	429
173	487
174	174
174	282
175	175
175	205
175	236
175	243
175	388
175	438
176	176
176	187
176	277
176	308
176	348
176	403
176	462
176	466
176	486
177	177
177	188
177	288
177	304
177	324
177	405
177	431
177	453
178	178
178	271
178	318
178	423
178	437
178	460
178	465
178	468
178	476
178	499
179	179
179	231
179	274
179	283
179	301
180	180
180	225
180	428
180	448
180	477
181	181
181	195
181	202
181	240
182	182
182	407
182	450
182	467
183	183
183	195
183	203
183	295
183	311
183	341
183	365
183	467
183	477
183	499
184	184
184	204
184	249
184	314
184	434
184	456
184	490
185	185
185	253
185	278
185	348
185	424
185	498
185	499
186	186
186	203
186	228
186	269
186	296
186	299
186	400
186	414
186	467
186	469
186	472
186	494
187	187
187	225
187	347
187	479
188	188
188	227
188	281
188	356
188	357
188	377
188	494
189	189
189	205
189	264
189	311
189	352
189	360
189	396
189	451
190	190
190	241
190	258
190	266
190	267
191	191
191	216
191	221
191	391
191	395
191	399
191	454
192	192
192	195
192	308
192	355
192	378
192	446
192	465
192	493
193	193
193	228
193	239
193	285
193	378
193	406
193	417
194	194
194	306
194	328
194	342
194	362
194	432
194	470
195	195
195	256
195	347
195	427
195	442
195	472
196	196
196	263
196	378
196	486
196	490
197	197
197	248
197	438
197	447
198	198
198	253
198	417
199	199
199	203
199	207
199	263
199	272
199	316
199	428
199	445
199	454
199	498
200	200
200	303
200	359
200	387
200	406
201	201
201	258
201	308
201	354
201	440
202	202
202	230
202	237
202	319
203	203
203	239
203	269
203	312
203	403
203	453
203	460
203	471
204	204
204	315
204	319
204	351
204	405
204	407
205	205
205	207
205	213
205	219
205	244
205	327
205	398
205	461
206	206
206	254
206	283
206	288
206	336
206	348
207	207
207	228
207	338
207	348
207	349
207	366
207	415
207	464
208	208
208	210
208	212
208	228
208	229
208	318
208	338
208	373
208	445
209	209
209	226
209	337
209	347
209	410
209	443
209	461
210	210
210	276
210	340
210	350
210	360
210	385
210	416
210	491
211	211
211	235
211	238
211	268
211	289
211	293
211	404
211	417
211	478
212	212
212	261
212	434
212	482
213	213
213	275
213	304
213	369
213	411
213	461
214	214
214	266
214	377
214	465
214	494
215	215
215	258
215	265
215	326
215	395
216	216
216	312
216	320
216	442
216	471
217	217
217	288
217	304
217	353
217	415
217	421
217	495
218	218
218	242
218	265
218	319
218	330
218	416
218	419
218	471
219	219
219	264
219	289
219	302
219	382
219	424
219	490
219	499
220	220
220	299
220	433
220	486
221	221
221	273
221	285
222	222
222	224
222	273
222	279
222	429
222	431
223	223
223	266
223	368
223	401
223	487
224	224
224	229
224	248
224	275
224	344
224	393
224	422
224	486
225	225
225	230
225	315
225	464
226	226
226	269
226	451
227	227
227	231
227	341
227	350
227	378
227	443
228	228
228	250
228	283
228	352
228	386
228	459
228	472
229	229
229	333
229	338
229	367
229	403
229	436
229	450
229	470
230	230
230	237
230	245
230	338
231	231
231	287
231	367
231	385
231	410
231	455
232	232
232	261
232	266
232	290
232	322
232	327
232	396
232	437
232	443
232	482
232	498
233	233
233	293
233	376
233	381
233	484
234	234
234	277
234	296
234	322
234	335
234	385
234	496
235	235
235	241
235	289
235	319
235	339
235	369
235	393
235	449
235	470
236	236
236	282
236	347
236	373
236	450
236	462
237	237
237	264
237	321
237	369
237	386
237	445
237	472
237	481
237	486
238	238
238	264
238	387
238	413
238	440
239	239
239	276
239	368
239	400
240	240
240	301
240	313
240	320
240	322
240	339
240	372
241	241
241	279
241	318
241	358
241	430
241	436
241	484
242	242
242	245
242	311
242	368
242	388
242	430
242	434
242	483
242	497
243	243
243	246
243	252
243	304
243	306
243	355
243	377
243	393
243	410
243	448
243	461
243	491
243	493
244	244
244	245
244	336
244	356
244	391
245	245
245	330
245	334
245	355
245	394
245	427
245	435
246	246
246	276
246	338
246	383
246	488
247	247
247	313
247	322
247	337
247	453
247	471
248	248
248	252
248	282
248	322
248	337
248	350
248	371
248	388
248	395
248	428
248	440
248	462
248	488
249	249
249	286
249	306
249	332
249	460
249	490
250	250
250	274
250	275
250	303
250	308
250	449
250	468
250	476
250	491
251	251
251	312
252	252
252	266
252	331
252	371
252	395
252	398
252	468
253	253
253	263
253	292
253	306
253	485
254	254
254	303
254	358
254	369
254	384
254	471
254	494
254	495
254	498
255	255
255	292
255	377
255	465
256	256
256	314
256	317
256	379
256	440
256	466
256	493
257	257
257	306
257	348
257	403
257	435
257	485
257	493
258	258
258	261
258	266
258	315
258	331
258	351
258	352
258	440
258	458
258	490
259	259
259	325
259	326
260	260
260	269
260	297
260	322
260	462
261	261
261	404
261	444
262	262
262	336
262	421
262	495
263	263
263	407
263	438
263	449
264	264
264	268
264	282
264	292
264	301
264	350
264	355
264	408
264	475
264	477
265	265
265	291
265	301
265	428
265	475
266	266
266	309
266	327
266	360
266	372
266	413
266	436
266	469
267	267
267	309
267	342
267	368
267	374
267	399
268	268
268	322
268	326
268	341
268	342
268	410
268	427
268	478
269	269
269	274
269	288
269	302
269	342
269	364
269	405
269	466
270	270
270	312
270	381
270	385
270	408
270	445
270	473
270	475
271	271
271	275
271	287
271	332
271	384
271	412
271	479
271	499
272	272
272	331
272	344
272	393
272	412
272	429
272	476
273	273
273	295
273	373
273	402
274	274
274	306
274	384
274	385
274	496
275	275
275	344
275	345
275	440
275	494
276	276
276	348
276	359
276	365
276	393
276	415
276	432
276	459
277	277
277	286
277	322
277	335
277	367
277	405
277	468
277	498
278	278
278	286
278	448
279	279
279	365
279	386
279	415
279	457
280	280
280	411
281	281
281	333
281	347
281	364
281	407
282	282
282	284
282	326
282	341
282	368
282	380
282	476
283	283
283	299
283	351
283	365
283	409
283	443
283	461
284	284
284	357
284	358
284	430
284	439
284	460
284	470
284	478
285	285
285	293
285	323
285	327
285	364
285	404
286	286
286	314
286	468
287	287
287	351
287	425
287	457
288	288
288	302
288	360
288	380
289	289
289	420
290	290
290	316
290	362
290	370
290	398
290	431
290	437
290	450
291	291
291	443
291	446
292	292
292	304
292	347
292	498
293	293
293	355
293	373
293	381
293	460
293	467
293	482
294	294
294	310
294	312
294	329
294	363
295	295
295	318
295	382
295	401
295	474
296	296
296	354
296	380
296	387
296	419
296	463
297	297
297	366
297	402
298	298
298	367
298	387
298	404
298	491
299	299
299	346
299	353
299	386
299	391
299	439
299	453
300	300
300	354
300	385
301	301
301	400
301	413
301	432
301	458
301	479
301	480
301	493
302	302
302	311
302	362
302	370
302	372
302	451
303	303
303	336
303	475
303	493
304	304
304	383
305	305
305	333
305	334
305	414
305	426
305	453
306	306
307	307
307	326
307	393
308	308
308	331
308	347
308	373
308	377
308	486
309	309
309	417
309	455
309	458
309	466
309	488
309	499
310	310
310	345
310	357
310	375
310	384
310	402
310	429
310	482
311	311
311	370
311	389
311	427
311	483
312	312
312	441
312	483
313	313
313	332
313	395
314	314
314	366
314	444
315	315
315	397
315	444
316	316
316	337
316	370
316	402
316	441
316	487
317	317
317	320
317	328
317	396
317	400
317	452
318	318
318	340
318	367
318	368
318	439
318	472
318	484
319	319
319	324
319	344
319	439
319	446
319	466
319	484
320	320
320	351
320	380
320	399
321	321
321	331
321	348
321	372
321	385
321	446
321	472
322	322
322	345
322	355
322	361
322	391
322	395
322	421
322	453
322	464
322	487
323	323
323	372
323	374
323	429
323	440
324	324
324	328
324	410
325	325
325	388
325	430
325	450
326	326
326	337
326	347
326	416
326	428
326	432
326	458
327	327
327	364
328	328
328	423
328	493
329	329
329	332
329	396
329	447
329	454
330	330
330	365
330	407
330	418
330	484
331	331
331	347
331	464
332	332
332	340
332	408
332	413
332	484
333	333
333	471
334	334
334	341
334	378
334	437
334	438
334	484
335	335
335	338
335	386
335	424
335	469
335	493
336	336
336	382
337	337
337	401
337	440
337	466
337	472
337	497
338	338
338	358
338	477
339	339
339	368
339	378
339	419
340	340
340	342
340	385
340	485
341	341
341	344
342	342
342	372
342	374
342	376
342	398
343	343
343	435
344	344
345	345
345	375
345	408
345	442
345	461
346	346
346	400
346	423
347	347
347	374
347	381
347	415
347	457
348	348
348	381
349	349
349	375
349	412
349	454
349	460
349	470
349	475
350	350
350	416
351	351
351	366
351	369
351	400
351	445
351	455
352	352
352	378
352	436
352	460
352	481
353	353
353	415
353	453
354	354
354	387
354	406
354	460
355	355
355	373
355	381
355	430
356	356
357	357
357	373
357	420
357	487
358	358
358	482
359	359
359	381
359	459
359	499
360	360
360	400
360	432
360	433
361	361
362	362
362	389
362	453
363	363
363	394
364	364
364	451
364	484
365	365
365	424
365	464
365	488
366	366
366	498
367	367
367	379
367	411
368	368
368	386
368	418
368	420
368	498
369	369
369	412
369	418
369	437
369	473
369	487
370	370
370	399
370	490
371	371
371	474
371	495
371	496
372	372
372	408
372	420
373	373
373	464
374	374
374	375
375	375
375	401
375	414
375	489
376	376
376	381
376	406
376	407
376	412
376	434
376	481
377	377
377	401
377	413
377	445
377	462
378	378
378	459
379	379
380	380
380	398
380	449
380	466
381	381
381	437
381	441
381	491
381	492
381	493
382	382
382	411
383	383
383	446
383	480
384	384
385	385
385	395
385	451
385	460
386	386
386	430
386	453
386	490
387	387
387	453
387	491
388	388
388	479
389	389
389	390
389	391
389	399
389	416
389	455
389	493
390	390
390	459
390	465
390	475
390	492
391	391
392	392
392	403
393	393
393	469
394	394
394	402
394	439
395	395
395	410
395	413
395	467
396	396
396	413
396	434
396	477
396	491
397	397
397	422
397	467
397	473
398	398
398	403
398	424
398	432
399	399
399	416
399	459
399	492
400	400
400	411
400	440
400	443
400	464
400	483
401	401
402	402
402	428
403	403
403	447
403	450
403	492
403	497
404	404
404	429
404	430
404	462
405	405
405	463
405	486
406	406
406	440
406	472
407	407
407	432
407	456
407	482
408	408
408	452
408	488
409	409
409	431
409	462
410	410
410	498
411	411
412	412
413	413
413	429
413	441
413	448
413	456
413	485
414	414
414	420
414	476
415	415
415	442
415	470
416	416
416	426
416	435
416	437
416	453
417	417
417	418
417	498
418	418
418	436
419	419
420	420
420	498
421	421
421	475
422	422
422	464
423	423
423	468
423	471
423	494
424	424
424	469
424	490
424	495
424	496
425	425
426	426
426	435
427	427
427	449
428	428
428	499
429	429
429	482
429	485
430	430
430	461
431	431
431	468
431	479
432	432
432	468
432	470
432	473
433	433
433	496
434	434
434	452
435	435
435	454
436	436
437	437
437	487
438	438
438	468
439	439
439	464
440	440
440	457
440	490
441	441
442	442
443	443
443	467
443	478
444	444
445	445
445	468
445	470
446	446
446	475
446	477
447	447
448	448
448	476
448	489
449	449
450	450
451	451
451	459
451	460
452	452
452	458
452	461
453	453
453	456
453	492
454	454
454	456
454	460
455	455
455	493
456	456
456	464
457	457
458	458
459	459
459	494
459	498
460	460
461	461
461	492
462	462
462	470
463	463
463	484
464	464
464	470
464	491
465	465
466	466
467	467
468	468
468	482
469	469
470	470
471	471
472	472
473	473
474	474
475	475
475	495
476	476
477	477
477	478
478	478
479	479
480	480
480	499
481	481
482	482
483	483
484	484
485	485
485	487
486	486
487	487
488	488
489	489
490	490
491	491
492	492
492	495
492	498
493	493
494	494
495	495
496	496
497	497
497	499
498	498
499	499
