ER500,r_hop_max-1-uniform,1
489 
485 
456 
447 
444 
426 
421 495 
71 77 117 397 422 
51 
274 449 468 476 
64 136 344 
11 34 35 53 58 69 190 197 198 220 265 269 305 324 345 360 460 
257 
81 168 183 192 195 427 442 
62 83 147 186 193 207 208 250 283 352 386 459 472 
65 
68 471 494 
210 243 298 387 396 464 
343 
149 474 
60 118 151 306 374 435 
47 300 
31 365 
104 173 337 473 
44 132 140 150 216 239 273 310 463 467 
76 361 
75 103 
158 233 270 293 347 348 355 359 376 381 437 441 491 492 
8 17 28 63 169 174 218 221 228 240 266 280 
92 203 354 
37 383 
20 256 367 379 
6 185 
29 79 120 153 290 302 311 316 370 399 490 
74 291 
129 222 295 373 
33 
121 394 402 439 
45 342 406 481 
341 
43 212 
66 224 
0 84 87 200 254 303 336 475 493 
14 242 389 
89 
25 41 331 371 395 
279 
325 
78 323 
5 9 100 133 170 176 262 319 410 419 434 
27 428 
21 42 205 232 285 327 364 
54 72 253 
94 122 142 390 403 453 461 498 
229 
3 98 255 292 377 465 
59 184 204 315 351 405 407 
26 267 
457 
161 199 445 470 
225 448 
36 159 196 263 486 
61 105 181 202 230 
206 
67 85 90 182 248 451 454 
49 52 433 
7 349 446 
123 375 414 
12 131 
22 32 134 139 247 259 288 
258 369 
13 57 95 109 126 156 209 213 469 483 
166 
1 48 91 160 425 
191 244 391 
15 97 114 124 138 167 245 308 363 392 450 452 
73 80 137 180 309 346 378 430 
236 462 
16 382 424 
82 
18 
56 284 
99 163 299 353 415 
30 164 177 409 431 
55 152 404 417 
46 111 223 368 401 487 
23 
19 24 171 178 271 275 287 332 384 412 479 499 
286 289 320 335 497 
86 297 314 366 
380 
96 226 
135 
333 357 
106 478 
107 127 234 466 
10 38 39 116 194 276 326 398 432 
108 113 187 388 
112 416 429 496 
102 119 420 436 
115 
125 162 241 318 
128 252 423 482 
143 440 
50 141 227 260 307 418 
144 411 
145 
146 165 372 
278 
2 4 40 93 154 155 189 219 237 238 264 268 282 301 350 408 477 
321 
356 
148 
157 385 
277 296 304 338 
175 334 438 
70 
179 400 458 480 
188 217 455 
251 
211 235 339 393 
281 
201 
214 
215 
231 312 
88 101 130 172 249 313 329 340 413 484 
246 488 
261 322 443 
272 
294 330 
110 
317 328 
358 
362 
