ER8000,r_hop_max-1-uniform,1
7916 
7902 
7899 
7893 7934 
7879 
7874 
7851 
7808 
7792 
7780 
7743 
7737 
7625 
7613 
7593 
7539 7950 
7452 
7447 
7424 
7416 
7931 
7407 
7358 
7298 
7296 
7284 
7261 
7251 
7215 
7199 
7168 
7138 
7136 
7119 
7112 
7111 
7109 7210 
7095 
7044 
6990 7032 7198 
6962 
6955 
6951 
6919 
6905 
6887 
6841 
6830 
6815 
6811 
6793 
6775 
6756 7004 
6717 
6711 6866 7526 
6707 
6649 
6647 
6630 7734 7981 
6610 
6559 
6551 
6549 
6540 
6539 
6522 
6517 
6512 7835 
6502 6744 7460 
6455 
6446 
6395 
6371 
6313 7145 7913 
6312 
6243 
6235 
6231 
6227 
6224 
6276 
6208 6661 
6178 
6098 7773 
6075 
6059 6532 6902 
6039 6115 
6029 6297 7141 
5980 
5889 
5873 6492 7441 
5852 
6179 
5842 
5828 
5820 
5819 
5797 
5796 6058 
5737 
7083 
5724 
5698 
5687 5839 6728 
5684 6752 
5676 
5672 6382 
5652 
5598 
5594 
5591 7551 
5572 
5568 
5550 
5518 
5512 
5509 
5498 
5471 7706 
5424 
5486 
5409 
5397 
5395 
5393 
5382 
5373 
5360 
5305 
5300 
5253 
5246 5462 7025 
5226 
5211 
5183 
5164 
5157 6123 
5149 
5120 6081 
5106 
5028 
5017 
5007 5282 7814 
4981 
4978 
4953 
7784 
4946 
4941 
4912 
4898 
4893 6402 
4868 
4861 
4830 
4828 
4825 
4819 5169 
6634 6892 
4816 5182 5332 
4813 
4808 4914 
5271 
4767 5859 
4764 5116 5389 6111 
7790 
5915 
4755 
5576 6894 
4753 
4683 7275 
6664 
4682 7353 7897 
4674 
4669 
4623 
4604 6116 7313 7352 
4600 
4598 4827 
4592 
4552 6653 
4551 
4515 
4510 5423 6110 
4509 7255 7716 
4496 
4488 
5584 
4478 
4443 5235 6967 7662 
4432 
4418 4760 
4379 
4368 6529 
4367 5173 5407 6757 7465 7474 
4366 5085 5896 7793 
4360 
4349 4578 7155 
4316 
4304 
4302 4575 
4295 7883 
4288 
4284 4346 
4281 7315 
4277 4483 4505 6338 7007 7009 
4276 4385 5392 5520 
4275 4928 7853 7975 
4267 
5686 
4262 6568 
7360 
4249 
4239 
7663 
4234 
4201 4855 5826 
4186 
6012 
4168 4383 4446 5929 6807 
4158 4896 6088 7579 
6424 
4146 6558 6978 
4142 4512 
4125 
7253 
4116 
4108 4140 7636 
4094 
5953 
4080 
4074 
4038 6672 
4030 4936 
4023 5420 6925 7459 
5571 
4001 
3973 7550 
3957 5072 
3931 4745 6598 
3928 7818 
3924 
3910 
3906 
3865 
3860 5327 
3856 7201 
3852 4042 4594 5717 
3848 
5720 
3834 
3823 
7301 
3822 
3816 4542 
3811 
3786 
3774 
3745 
3744 5564 7517 7610 
3732 3833 4396 5665 7472 
7888 
3726 4362 
3712 4784 6080 6215 
3692 3981 6350 
3687 3940 4643 
6323 
3683 
3681 
3655 4285 7586 
3643 
3640 3702 6438 6450 6678 7786 
3639 4291 
3634 
3627 3647 4376 4514 
3625 
3580 5765 
3553 3729 5370 6294 6545 7959 
7760 
3544 4095 7103 
3540 
3531 5014 5802 5830 6790 
4297 
3527 3781 
3517 5661 
3512 5938 6086 
3926 
3507 5853 6968 
3491 7177 
3490 5218 6816 
3489 
3459 
3455 5618 
3454 
3450 3690 3718 5823 
3446 3461 3543 4361 7513 7589 
3428 6379 
6530 7537 
3417 3551 4223 4435 
4873 
3406 3920 5933 6615 6770 7365 
3400 
3398 
3391 
4614 
3388 4238 6011 
4174 
3652 7862 
3375 3936 4473 4877 4935 5160 
5121 6188 
3369 
5460 6673 7236 
3363 5315 
3344 3648 3976 
3332 
6036 
3324 
4324 6900 
3313 6431 6465 
3309 3360 4437 6193 
3307 5483 5914 6247 6381 
3306 6152 
3243 6037 
3226 6461 7266 
5490 
3223 
4851 
3212 
3205 
3199 
3256 
3197 3430 
3190 4332 
3188 
3182 3930 6644 
3181 4702 7430 
3177 3767 
3169 5447 6842 7191 
5324 
3159 
3151 
3147 4447 5937 6005 7759 
3132 5168 5535 7658 
3121 5287 
6159 
3456 5266 5630 7412 
3105 
4199 
3102 4511 
3098 6242 6729 
7477 
7049 
3093 7180 
3089 4377 4897 
4145 
3083 4117 5185 
3079 3980 
3077 3178 4035 4541 5785 7178 
6682 
3068 4826 5219 5234 
3114 7056 
3066 
3062 
3056 
3053 5377 6027 
3065 7684 
3048 7102 
3034 
3813 
3032 7857 
3016 
3015 
3009 
3008 
7022 
3007 3925 
3784 
3004 3419 3863 4451 7011 
4075 4519 7651 7745 
2996 6668 
2995 3192 3666 5721 5888 6499 6755 7908 
2979 7017 
2978 
3386 7263 
2972 
2971 4289 4372 5232 5559 
2967 6582 
2956 7043 
2950 5027 
3898 4341 7839 
2942 
2926 6107 6880 
2921 
2920 7552 
6311 
2890 
2875 
2866 3302 6137 6428 
2863 5690 
2858 6337 
5583 
2835 3800 3828 3846 4810 7836 
2834 2918 4937 5500 
2830 5131 
2815 
5972 7562 
2811 
2803 3476 
2801 
3305 4664 6464 6763 
2791 3990 
2782 4923 6899 
2780 3045 3797 6030 6884 7026 
2777 4900 4968 5526 6093 7578 
4061 4253 4299 4364 6681 7121 7545 
2776 2898 5959 6368 6739 
2768 
2764 5906 6102 
2761 
2746 3087 7374 
2741 
2729 
2723 6983 
2718 
2709 4899 7978 
2705 3734 
2704 
2679 2879 3171 6332 6497 7980 
2672 3889 4887 5782 7535 
3060 
2667 
2662 2888 2895 4468 5638 7081 7581 
4084 4521 
2658 6474 7821 
2647 
2644 
2642 
2640 
3945 
2638 3076 4301 7439 7973 
2621 
2604 3222 4017 5293 
4879 5406 6825 
2596 
2595 3291 5499 7733 
2684 4556 4686 7632 
2578 7923 
7293 
2570 3340 5669 
5208 
2569 2872 3680 5934 7615 
3785 6459 
3131 6409 
2568 
2566 
7190 7617 
2563 
2557 
7195 7443 
2533 4430 4624 5133 5667 5671 5746 
5662 
2982 4202 
2526 
2522 
2520 
6121 
2516 4482 6555 7314 
5217 6095 6698 6764 
2507 2906 3143 3515 4172 
2505 3081 
2524 
2503 6174 7568 
5654 
3036 3974 5844 
2478 
2476 3909 5138 5213 5577 5632 7250 
7930 
4057 4790 6305 
2473 5708 
2458 2699 5336 7014 7622 
6300 
2447 2903 6280 6984 7438 
3321 5198 
2445 3193 4355 6700 
2430 3415 6173 6692 
2409 
2398 3049 3437 3633 3895 5592 6283 
2389 
2943 
2387 
2384 4078 5778 6738 
2382 4034 4440 7428 
2381 6073 
2380 3755 6200 6483 7938 
2754 6079 
2374 
2371 2506 2940 3183 3649 4723 7126 
6204 
2367 2454 4961 6817 7307 7553 7909 
5485 6773 
2347 5479 6177 7267 
2339 
2484 
2332 2461 6366 
3516 
2329 
3010 3047 5546 6000 7187 7453 
2327 6829 
2325 2328 3364 4087 4326 5468 5883 6033 6745 
2322 
2315 7511 
2294 
3479 
2289 3231 4010 4247 4739 5274 
2282 
2265 
2264 2285 3592 5298 7994 
2261 2295 3858 5058 5452 7575 
2250 
2290 2336 
2248 4384 
2247 2788 5177 
2240 
2378 2985 3966 5757 
2227 3519 6713 
2221 2259 7661 
2217 4407 7061 
5355 5966 
2781 4596 
2216 2344 4119 5252 6469 7665 
2214 2626 4846 4885 6625 
2209 
2203 3521 4562 4947 5260 5833 5958 6589 7107 7621 
4533 7652 
3761 5944 
2200 2419 
6299 
2960 3855 4155 5077 7134 7587 
2894 
2196 2660 4714 7580 
2194 2974 2980 5732 7192 7510 
2193 
4272 5005 
2191 4211 5719 
5284 7331 
2189 
2607 
2184 3401 
2175 
2174 3230 4895 5239 6741 
2170 
2167 
3840 7380 
2474 4428 4476 5386 
2163 2195 3198 5262 6954 
2154 2366 2676 2976 3385 
2147 
2146 5890 6708 
2143 3577 4371 7005 7819 
2141 5237 6010 7454 
2134 6048 
2123 2915 3791 4490 5808 
2116 
2113 3947 3985 6742 7670 7704 7984 
4822 5331 6935 
2110 2373 3237 4465 4811 5644 6255 6604 7289 7689 
2098 4903 7709 
2089 5902 
3444 
2086 5566 7228 
2085 3033 3085 4050 4847 5917 5942 6852 
2083 5693 7674 
2070 
2069 2846 
2711 2999 5269 6619 6839 6931 7135 
2066 2502 4477 6127 6691 
3594 5858 6143 7226 
2059 
2058 7392 
2472 
2053 2443 5357 7002 
2052 3432 5140 5683 7928 
6814 
2049 2422 2964 2986 5502 6434 7558 
2048 2536 4181 
2045 3582 5414 6258 
2044 2415 2441 2677 2693 2892 4586 5748 6057 6239 6521 7643 
2040 4345 6194 7285 7998 
2035 6850 
2032 4766 5040 5090 6952 
2466 
2023 7420 
2020 2509 2510 2691 6854 
2011 3986 4726 4833 4852 
1993 2683 3095 3311 5752 5923 6198 6203 7212 
1988 6992 
2779 5094 6256 7376 
1983 2377 2412 4221 5781 6624 
2225 
1973 3564 
1971 
1968 3440 3954 
1967 
1957 7995 
1956 5657 
5137 
1950 2690 4151 4358 7386 
1945 4462 
1943 1986 2491 4680 5204 5697 5756 6055 6349 6462 
3445 6501 6514 6724 7114 
1930 5132 6112 
2599 4450 6062 
2036 
1925 3535 
1919 3730 
1917 3228 
1914 7648 
6791 6897 
3559 5277 
1909 2681 3280 3829 4613 
1907 3064 5225 
1901 
5585 
1899 
1892 
1888 5783 
3155 4356 6346 7330 7979 
1886 
1882 5651 
1878 3371 5125 
1877 4016 4086 
1876 2448 5695 6245 7791 
1875 4219 4975 
1871 6758 
1870 4948 
4636 
3279 
1867 4319 
1865 2732 7000 
5227 6601 
1864 
1859 6370 
1852 1905 2099 5701 7854 
2534 7427 
1846 5557 
1842 3508 
1837 3769 3802 4560 4794 5410 6971 
5075 
2953 7463 
1836 5754 7884 
5186 
2450 7209 7867 
1832 7871 
1831 1850 2300 3310 5050 5713 7667 
1828 7532 7848 
1826 3423 6636 7764 
657 1086 2017 3374 5836 5979 6108 6794 6870 7960 
823 2037 2357 5974 
1280 1692 4229 4803 5175 5270 5655 5811 7467 
25 2882 2886 3372 5864 
640 1460 
1173 2579 3968 
148 5402 7713 
669 942 2470 3127 6238 7068 
3382 4620 5834 6508 
331 1132 1389 2364 2560 3370 3573 3851 3891 4498 6328 6385 6965 7536 
3422 5922 7519 
629 
706 1728 3427 3542 4629 5775 
4182 
1614 4120 6223 
639 
625 2787 4956 6391 6597 7388 
615 
2812 
2067 3299 6163 6617 
610 2299 3326 
596 778 5374 7373 
343 575 2100 3084 3283 3343 3757 3994 4844 5804 5918 
594 2558 7815 
741 2421 3268 3405 3916 5312 5691 6475 7720 
2166 2434 3051 5051 6901 7681 
590 3827 5956 7162 7864 
587 2934 4244 7435 7991 
59 244 1358 
584 6750 
635 
1693 3358 
606 1994 3040 3704 3831 5950 6987 
534 
583 896 6466 
581 1551 
1862 7470 
1123 1726 2932 3806 4793 5803 
2082 7907 
570 1334 2541 3272 4150 4773 6453 
568 1960 2268 2400 2993 5398 7596 7803 
566 
560 662 1771 2689 2850 3817 4153 5136 5329 5544 6447 6947 
833 941 5333 6251 
5926 
1578 1589 2249 5080 5399 6416 
558 958 2354 2572 2959 3195 4224 4293 5114 
1056 
4574 4673 6654 7351 
2908 
535 3379 4350 4666 6004 
527 
903 
597 1164 1414 2171 5990 6181 6783 6795 
592 2831 3259 4206 5487 5885 5892 7309 
491 1887 3103 4625 4678 4872 5354 5597 6570 7338 
2341 
1199 2459 5743 
515 1541 2760 3555 3801 5134 5366 5817 6331 6406 6486 
512 544 677 1245 2186 3487 3782 6683 6929 7172 7739 7750 
506 641 1439 2224 4225 5163 5432 6627 
498 889 1955 2051 2970 3439 5155 6572 7573 
1447 3296 4675 
613 1020 1416 3092 3669 4152 4382 5073 5862 
1095 1939 2306 3029 4009 4373 4525 4670 5602 5633 7214 7591 7738 
6106 6128 6771 7340 
490 514 899 1727 2664 3550 4136 5118 7130 
425 1186 3001 3641 6286 
2938 3664 5192 
1662 
56 76 135 3788 3999 5488 7500 
481 
385 1151 1874 2899 3333 4007 4838 4959 5641 5725 6410 
4695 
459 2771 5362 5714 7071 7711 
983 4918 7855 
457 2031 2843 3700 6169 7417 
7164 
454 3762 4963 
1766 2074 2707 5200 5212 5608 7886 
453 944 1425 2426 3211 6376 6819 
2874 
1942 2808 
256 1608 2115 2130 5010 6091 
445 707 3763 5394 
272 414 924 
2358 3187 4374 7894 
438 
3254 
437 3807 5161 7337 
431 3529 
252 273 762 842 1304 3877 4628 4741 4818 5008 6421 7159 7783 
419 1508 1891 2342 5829 
412 1696 2413 4528 
7096 7142 7604 
2351 6727 
311 2806 4479 4662 
6915 
5001 
622 
402 1230 3871 7084 
398 2150 6694 
74 92 464 3334 5738 6259 6948 
845 1222 2417 5337 
89 
1015 
578 2496 3191 3316 3534 4409 4484 6320 7413 7956 
2407 
394 6246 
3055 
1538 2177 5612 
389 1686 2657 3870 6471 
405 
109 888 3137 3263 5578 5730 5895 7016 7798 
552 1545 1975 1995 
1116 4463 4645 
2273 2603 2663 
407 1351 1361 6933 
638 
386 3901 5030 5709 7203 
2337 4704 7799 
1504 1747 2262 2486 3825 4011 4442 4929 6344 7530 7660 
1772 2077 4217 5372 5814 6146 7669 
381 4558 5629 5710 
1448 2234 2839 3867 5529 5957 
2651 
373 435 2847 5338 
1547 2907 6352 7001 7876 
374 
372 618 
1468 
7097 
1579 2987 5273 5318 5999 6124 6156 
368 802 1082 1103 4612 5190 6014 6593 7030 
427 633 1295 1736 2071 3175 3345 3545 3753 5870 6234 6779 6789 7354 
1003 1461 1814 2018 3992 4090 4557 7869 
361 1418 2547 4427 4997 7039 7066 7763 
161 324 2310 5762 5773 6034 7234 
2537 3886 3958 4423 4711 4805 5275 
460 875 1177 4051 5388 7088 
1873 5356 5560 7941 
359 1339 2424 3483 6451 7691 
7870 
493 692 4286 
3896 
2859 
577 1266 3022 3229 4762 
305 2736 3133 4100 4809 6923 
1175 1619 6809 
1446 1475 1603 1701 1774 3217 4534 4740 4971 5047 5835 6003 
463 2469 3080 3701 5461 
410 4712 
301 752 1734 2054 2220 3393 4040 4526 7594 7731 7917 
357 2795 3314 3526 6187 
580 3278 5627 
356 3146 4944 7905 
355 4177 
600 1204 2774 3044 4494 4606 
2270 2994 3139 
574 5055 5740 5893 6670 
51 696 2712 3480 5727 
451 816 1918 2481 4065 4618 5940 6195 
277 1615 3090 3539 3792 4357 5166 5625 6087 6666 6732 7240 7422 7574 7598 
523 1634 2586 3152 3234 4347 5079 5371 5771 6341 6620 
110 2929 
1191 
347 4433 5960 
492 973 2109 2254 2517 2687 3251 4863 7449 
1 770 1745 2215 2794 3420 3434 3642 4414 5515 5891 6167 
4730 
28 972 3214 
5068 
655 1088 4248 5622 6631 6812 
1530 2515 3185 
1436 
345 360 418 2793 4138 4252 4546 5897 
339 589 846 1938 2307 2615 3078 4098 5286 6126 6168 6991 7572 
4085 4590 
337 467 849 1667 6621 6985 
1324 2172 2333 2958 4537 5647 6001 6730 7841 
335 701 1286 2452 3468 3604 4547 4663 6403 7320 7889 
6109 
5313 
555 2101 2406 2784 3593 5109 7091 7911 
496 906 5590 
1757 4187 5596 6380 
1075 
81 794 884 2346 3023 
428 547 603 1652 3069 
2471 5103 5437 5866 6404 
123 1162 
1243 2923 3598 4165 4453 5760 5879 7813 
2631 2759 
334 1244 1948 2425 4599 5174 
634 2701 3756 4222 4274 4703 5580 5860 6318 
569 3108 3453 4415 4999 
601 921 2542 3935 4609 6009 6945 7400 
72 4915 
332 1808 1951 3803 4983 5528 6233 
838 2152 2809 3498 5339 5359 
1047 
329 1215 3764 4237 5621 7540 
1242 3000 4954 5553 7090 7533 7779 
510 857 1798 
837 
314 2549 2814 4215 5267 7727 
1110 1194 4913 
487 1410 1687 2433 4059 4800 
2614 
543 2559 2758 4715 5144 6580 
4467 4791 
553 1548 4388 
375 612 777 1843 1868 2340 2619 2800 2816 3176 3260 4214 6777 6847 6858 7048 
3327 4180 
505 1432 2388 2420 3595 3951 7271 
310 6805 
341 7951 
780 1246 2199 2288 2710 4226 4283 5416 5800 6045 6689 7710 
1211 4024 4750 4957 5220 5343 5387 5438 6837 6966 7385 
1981 2256 2897 3126 3613 4676 5289 5855 6249 7363 
309 2671 4045 4884 6013 7021 7291 7722 
307 3408 7295 
5504 6786 7440 
247 3091 4729 5428 6470 7325 
1409 1533 2393 2495 3210 3416 3772 4649 6400 7434 
1555 3607 3678 3836 3864 4240 4296 5210 5513 5537 6747 6808 7140 7924 
7299 
306 
473 904 2266 3876 5639 6273 6877 7958 
300 1934 4378 4555 
1644 
1491 3927 5525 6436 
528 1903 2230 4185 4312 4461 4617 4815 5197 5346 5458 6956 
690 1379 3106 3158 3790 4131 4265 5649 5749 6490 7690 
4989 
298 1214 3031 3265 3496 3752 6623 7796 
294 
7918 
2385 2717 
999 5012 7707 
2694 3523 3658 4866 5824 7104 7389 
1085 2330 3528 3562 5527 5946 5970 
3804 
513 2014 2639 3070 4858 7089 
289 2081 4581 5503 7967 
1269 
646 1716 2105 3934 4469 4795 6415 
5257 
10 977 1233 1335 3304 6646 7564 
130 1071 2917 5057 
378 7316 
658 954 1911 5207 5794 6099 6914 7529 
526 1255 2229 3878 4088 
909 1553 2065 2514 4101 4309 4865 7554 
281 
689 2013 2702 2933 4635 5545 
870 5599 
4820 
279 1014 1505 1507 5042 5376 6496 6639 7220 7382 
376 501 
1168 1668 2064 2885 2954 3286 4162 5156 
815 1100 1279 1438 3603 4565 6262 6703 7402 7484 
1139 
6041 
1625 1629 2857 3715 4925 
2833 4310 
187 986 1670 1856 3096 3201 3356 3381 3646 3815 4572 4689 4746 4806 5474 5610 5642 6851 7584 7777 
1400 3396 6710 
814 1354 1384 1717 3771 4646 5178 5694 5790 7184 
2391 6155 6701 6980 7631 7878 
1048 7542 7600 7766 
253 413 3997 5470 5825 6097 7200 
441 
4504 
667 5445 
1906 
1575 
798 6457 
2241 6796 7029 
1511 6351 7401 7476 
120 6663 
4659 6214 6671 7245 
700 4370 5016 
443 1045 4871 6077 
172 1824 2635 4638 4687 4759 5750 6002 7148 
861 1786 2026 3330 4422 4654 5206 6196 6440 7235 7283 7606 
516 1440 1768 1812 1931 2562 3189 3294 5228 6896 7146 7676 
242 738 1221 1604 3873 
607 1152 4133 
598 840 927 2277 4995 5524 
2331 3948 7292 7471 
105 753 5449 6113 7800 
354 852 1912 3609 5188 6162 
5787 
2983 3950 
2129 2293 3109 
286 1030 2937 3495 5311 
2157 
90 2482 6426 7728 
4969 
4622 
879 1212 1405 1592 1715 2401 3743 6853 
101 854 2919 4644 5049 5202 7249 7837 
595 825 949 3426 4047 4257 5489 5763 5886 5948 6070 
99 562 1352 2097 3697 3766 6714 7425 
2479 
811 2580 3052 3532 4685 4889 
5964 
1031 
388 760 1340 1624 1985 2810 3054 3144 4401 4641 4681 6277 6361 
1805 3322 
258 1072 2543 5385 7321 7812 
2073 3162 4091 5154 6976 7450 
291 1128 1326 2804 4012 
98 371 1568 2623 3025 3112 4835 5056 6125 6129 7364 
715 4134 7332 
14 4002 
2107 6425 
761 919 1420 2002 2136 4554 4824 5063 5108 6172 6518 6696 7922 
3050 7062 
217 517 
1655 2324 2637 2680 2927 3248 5482 5932 7961 
452 
269 1587 2819 4213 
96 1002 7920 
5951 
186 2204 3451 3630 3656 4264 4782 6493 7478 
905 916 6307 6314 
1190 3663 
5753 
308 440 803 5851 7129 
163 366 2281 2396 4203 4672 5276 7010 7367 7607 
122 3207 
2178 
411 4823 7982 
817 1017 1642 2678 3576 3818 6533 7247 7318 
260 1349 2046 3273 5931 
2205 3574 4904 5505 5991 
1641 
70 1249 1593 2237 2360 2755 3003 3275 5247 6265 6970 7480 7753 7846 
112 174 1032 1767 2334 4518 4736 7896 
797 
524 1165 2274 4972 5265 
336 4615 4993 5465 7901 7933 
744 1077 2317 2442 
4584 
1167 2539 4495 5459 6725 
15 1663 
86 
531 1922 3585 6963 
164 316 1765 2042 2796 3107 3671 4129 4426 5530 6859 7041 
197 571 1126 2865 5145 
712 1187 3167 4073 4111 5840 6375 6482 
808 
4195 
2590 
976 
4306 
387 
83 175 1289 3018 5065 6399 7560 7827 7974 
1238 1586 5475 6936 7018 7538 7832 
860 
415 3141 5821 7411 
34 1236 1285 2063 2432 4503 5111 
627 1408 2303 2880 3276 3431 5863 7729 
5048 
2198 7335 
1573 2824 3481 3711 4671 4970 5588 6018 6136 6359 6849 
458 2090 5542 
82 1806 2565 2864 3088 3173 4261 6008 7668 7997 
442 674 2375 2977 3120 
1063 
4139 
230 970 2714 6396 7217 7555 
188 
806 1820 2218 3184 3315 4881 5867 
67 207 886 1833 3233 6355 7046 7057 7525 7712 7740 
369 1759 2112 2320 2916 3397 4403 5191 5941 6427 6865 6958 7395 
1398 4475 4611 6927 
144 
2104 5002 5352 
1926 2822 5484 5616 
791 2188 3626 5189 7019 
32 2057 2440 2842 4305 4508 5301 6043 
5167 
2893 7012 
1290 2632 
529 2061 3357 
2283 7290 7408 
1499 1695 2512 2612 3475 7679 
78 296 4553 
3915 4589 
323 325 895 2142 3361 3394 5517 6715 
3587 
2963 3165 4840 7294 7317 
1227 
6677 
140 344 471 3002 3019 3572 5317 6201 7223 
1378 3097 4783 5441 6566 
7969 
113 1750 
1189 1479 2093 2245 3135 3883 4019 4333 4502 4631 4829 5307 5435 5711 6016 
1393 3449 3581 4780 7171 
232 1639 3335 5380 5755 5845 6485 
559 804 6374 7087 
2210 5344 
1718 1810 2297 4232 4489 6476 7361 7627 
283 3046 6861 7431 
722 
80 952 1192 1570 1773 2851 4684 
6960 
118 711 725 2025 2494 3946 4909 5248 7052 7166 
444 2088 4124 6998 7605 
358 1691 3705 3982 4037 5884 6024 6975 7028 7185 7877 
268 1897 6051 7278 
7464 
5774 
156 847 998 1376 3693 5637 7116 
317 1101 3100 5351 7531 
1467 6869 
69 
7592 
764 2527 5562 6913 
79 7003 7639 
2 3758 
6587 
561 2005 5369 6766 6820 
5081 
57 
1208 6665 
6754 
3720 7748 
64 1022 2404 2617 2854 4991 5623 6226 6999 
3134 
1137 5268 
1483 
137 1838 2799 2868 4701 4747 5678 6090 6390 7929 
104 894 1417 1879 1949 3161 3285 4123 5793 7666 
4099 
62 1523 
3293 7085 7098 
708 4497 4583 4697 5099 5291 6006 6547 6706 7122 7341 
21 
171 2124 
939 3412 3765 5450 6977 7483 
168 420 988 3202 6860 
1360 3733 
26 1265 1861 2403 3194 3558 4197 4902 5705 5736 5978 6092 
340 4529 
108 2287 3921 5766 
533 1193 2856 3824 4874 4962 5180 6528 7765 
274 285 1391 2845 5813 6287 6611 7735 7752 
649 1050 2497 2682 4233 4311 4566 5418 6232 
1778 4480 
23 3944 6353 6995 
38 3452 7825 
4015 
259 979 2233 4429 4772 4841 4965 5043 5074 5532 5908 
397 982 3612 7912 
449 2649 4194 6918 7718 
3037 3894 5290 
1299 4540 6105 7805 
22 
4785 5457 5807 
750 5238 
2159 2734 2884 3128 3469 3789 3821 4113 4405 4870 5060 5363 5540 6166 7050 7619 
1373 
1612 
1954 4079 6074 7100 
775 5734 6467 
129 503 572 585 1672 3059 3258 3621 4254 6065 6602 
1010 5716 7880 
44 951 1896 2740 3470 4709 4837 5601 5786 5935 7237 7565 
4677 
284 632 2144 2975 4539 6675 7398 7831 
342 
223 6317 
20 2260 2276 2355 2767 3783 4161 4527 4637 5493 6449 7197 7509 
362 2821 3560 3736 6020 
282 5152 6248 
166 2931 4022 4878 6132 
4771 
2535 
1762 
84 
0 3366 5994 6056 6207 
1481 2521 
1093 3899 
5882 7344 
1281 3723 6408 7110 
7160 
2015 5921 
127 880 1689 1769 4183 4911 5153 
1156 4774 5159 
3844 
1466 1636 3403 4200 7701 
134 
4386 
406 2752 
4393 
1106 4630 5129 
2490 7715 
3 2160 2511 3163 3352 4864 5848 5975 
2641 
114 
763 1528 2531 7196 
400 423 602 
6 985 2489 3478 3602 5415 5519 6360 6433 7279 7642 7787 7963 
1542 7856 
1724 2948 3157 5205 
5877 
2766 5184 7762 
304 1702 5000 6556 7339 7926 
2501 5887 
862 1218 2550 
737 4770 4977 5214 5735 
1457 2889 4092 7169 7516 
6705 
2881 
192 616 1600 1923 2033 2989 3820 3884 5158 7949 
2312 4974 6067 
287 591 723 2238 3384 3759 5561 6021 
226 295 871 1356 4327 5472 6511 7481 7547 
107 1518 1900 2463 7113 7369 
91 1057 1982 3225 6407 6872 
35 1219 2362 2402 2554 3349 3538 3775 3904 4984 5463 5467 6569 
4939 
1708 2158 2896 2945 7065 7281 
1489 
554 4000 4307 5521 6484 
619 
3367 7336 
322 1987 2594 2878 4020 5712 6298 
1628 1659 1792 1935 2304 2722 3457 4459 7208 7630 
145 450 1654 2414 3013 5949 
461 3281 4748 7703 
170 189 275 955 1264 5446 6749 6926 7456 7823 
4046 5314 
103 422 2786 2873 3208 3596 3912 6279 6448 
88 5880 6843 7442 
3561 
1104 3086 3835 
5 1584 2695 4395 4633 5945 6060 6813 7326 
809 945 2483 4679 5223 7705 
136 1890 3493 4639 6046 
474 1927 1961 3770 4894 6378 7158 7445 
892 1433 2435 6693 
327 865 1937 
1115 1385 
1081 5101 
87 1202 1276 2120 2151 2853 3245 4039 4597 5259 6704 
11 3413 
7544 
1142 1855 4817 
7 630 2021 3247 3657 4454 5096 5843 6348 6387 7125 
6158 
180 270 1205 1596 3215 4340 4788 5139 5985 6534 
7664 
209 1795 3020 6982 
379 1220 1847 
71 1858 2269 3038 3584 7154 
3466 
661 
319 5123 5221 5613 5983 
956 2876 5179 
16 1510 1840 2529 4444 4634 4988 5088 5216 6969 
3236 
218 2055 2455 2561 3373 3390 3837 4278 5325 6454 6798 6988 7626 
599 4930 6412 
1066 1599 3130 3796 6052 6271 6321 6432 7616 
550 2122 3290 4735 4976 7650 
1161 
19 315 507 652 965 1515 2226 3119 3832 4648 
7628 
52 743 1851 3116 3362 5413 5876 6524 
434 
125 227 1068 3378 4768 5565 5635 5702 7486 7692 
1606 
2912 
37 538 3779 4325 4392 4996 5522 5733 7076 7106 7233 7377 
771 1474 1980 2252 2451 3122 3347 4128 4854 4921 5984 6157 6478 7659 7688 
1315 
1287 3583 4721 6160 7027 7161 
119 1336 1421 1700 2951 3292 4236 4452 5508 6212 7264 7698 
17 6413 
54 4466 4792 5841 5930 7520 
338 1311 1337 
3929 3962 4318 7543 
328 605 1947 2552 2577 3488 4137 4144 4290 5013 6035 6278 6369 7123 
176 1076 1455 1640 2376 5147 
173 3932 6240 
7391 
353 3514 
396 4831 5549 
4204 4569 5297 5792 
320 672 943 1098 3546 4164 4191 5292 5582 5658 6959 7131 7243 7943 
1485 1647 7051 
537 1120 3399 3411 3425 3575 4593 7506 
2725 2747 2936 4602 6066 6334 
1258 1853 1959 4692 
299 476 745 1546 3266 4424 7242 7635 
1591 
24 
540 1550 4577 6574 6996 
128 588 4856 4860 
4626 5215 6687 
203 1910 2319 2508 3104 4193 5378 5904 
436 769 1558 1622 1835 2251 3421 4331 4722 6759 
828 2997 5703 6778 7966 
363 4027 7882 
3494 
1231 5187 7302 
100 563 1004 1309 2955 3673 5222 5744 6250 7903 
2770 
116 169 1344 2905 3953 4400 5019 
790 
12 7231 
185 424 488 1051 4353 6519 6885 7590 
1427 7654 
318 1188 1782 1880 3881 4093 4097 4949 
5061 5837 
4660 
502 1758 2616 6422 7020 
765 946 1944 1991 5064 5874 5907 
93 736 1503 2139 2620 6648 
2309 
102 659 2335 3267 3993 4115 4456 4571 6721 6904 
58 2179 
489 1074 1210 2818 3699 3721 3795 3902 5788 
3368 
2609 3659 7406 
115 796 1495 3447 5280 6799 7170 
933 1273 2648 
1119 1159 1458 2904 3670 4208 4849 5816 6384 6888 7723 
1064 2271 6846 
39 439 1305 1564 1690 2797 3727 4706 5195 6253 6702 7304 7858 
3549 7781 
582 937 1067 1399 1681 1984 2583 3668 3684 3989 4014 4796 5032 5391 5434 6083 6845 
511 518 3075 3819 4033 4595 5036 5066 6072 6560 7058 7216 7415 7457 
2530 3297 3387 4141 5162 6504 
648 2613 
593 2296 
212 843 1872 7329 
6803 
448 670 1916 2279 2968 4107 5165 5272 5751 5955 5962 7094 
7277 
95 472 960 3522 4025 4228 4765 5494 5745 6397 6891 7282 7824 
55 3359 5288 7286 
3026 7381 
297 730 995 2696 4110 4230 6023 6435 7754 
7259 
288 1038 1437 7151 
40 950 1894 2698 2844 6149 6339 7686 7768 
6186 
65 637 2145 3166 3257 
521 5368 6491 
1248 
1529 5818 5857 7559 
2969 3955 
647 1041 1278 2675 4135 4205 4241 4943 5707 6122 7176 
261 
1377 
46 3012 3616 4329 5083 7370 
241 756 1037 1480 2634 5084 7092 7468 7881 7971 
254 2370 
1313 3679 4958 7645 
2861 3030 4067 5117 6071 6442 6911 7152 7548 7809 
198 321 1124 1669 1710 3501 4069 6573 7518 7794 
1107 2155 3216 3875 6094 
3484 
271 623 3082 3511 3541 4308 4588 5453 5971 6015 6170 7845 
43 3622 7174 7952 
237 409 1683 2008 2356 3232 3312 3351 3472 4775 4932 5046 6268 6329 6596 7569 7677 7852 
576 3913 
530 1387 4334 4421 4839 5798 6680 
1314 2973 7700 
330 6281 6612 7549 
1473 
545 548 4990 
53 429 
132 1422 4126 4798 5141 
36 6736 
971 
117 697 2168 3295 3812 4787 5675 6937 6994 7566 7802 
1113 1974 2379 2924 5231 5878 7252 7273 7910 
4 996 1035 1780 1834 1869 2418 6401 6667 
133 380 1966 2749 3601 4455 5587 5615 6117 
432 2056 2674 5037 
455 1522 3717 4192 
404 2909 4279 4945 
4351 6890 7211 
642 3149 5586 6579 6804 
1228 1260 2392 4642 4883 6592 
239 2173 6315 
586 
1099 
447 
1738 4270 5547 6182 6213 6275 7054 7970 
4982 
4096 
138 3882 5715 7524 7898 
1803 2365 
47 1155 1284 1637 1881 2465 6367 
2278 3520 5636 6291 7936 
1574 1585 3722 4667 6324 6650 7074 
2001 3418 5427 6089 6767 
228 874 4167 5731 5898 7288 
4348 
141 3665 4890 
864 6488 
466 3903 4734 5335 
7437 
788 997 4470 6949 7489 7811 
142 1741 2601 4708 4801 6154 7601 
229 1478 1970 2127 5323 6364 
167 786 2201 2753 3960 4441 5087 7346 7512 7515 7687 
1277 3402 3611 3724 4757 5593 6460 6818 6835 7771 
214 567 1392 1498 2162 2236 2891 4406 5283 6336 6772 7143 
276 620 813 2666 3271 
143 202 367 1338 2275 2311 2952 3706 6272 6288 6543 6544 6637 6906 7458 7953 7988 
2137 4694 5827 6655 
1664 5201 
6690 
9 
6780 
1407 2161 5664 
4342 
2222 3174 
146 876 1677 3698 6588 7181 
621 1109 1145 2618 5281 5563 6025 7503 
1149 
2488 
66 267 1996 3150 3264 3691 4160 5328 5451 6319 6525 6734 7721 
150 478 1735 2000 2068 2629 3524 3709 4066 4266 5308 5320 6216 7608 7904 
5881 
824 2910 
208 969 2798 4412 4616 5150 5947 
152 430 2624 3617 4013 4987 5092 7205 
153 
154 5436 
684 1125 2545 2981 6797 7906 
819 3892 
832 2255 4235 6266 7042 7868 
1465 1500 3320 3337 4315 4352 4487 
399 
1070 3632 7597 
564 1092 1365 1781 1913 3557 4048 4848 4886 5501 
604 3331 
160 3504 5146 5767 7816 
922 1143 3589 3988 4269 5523 
2992 3255 5905 5912 
262 
333 1036 1096 1346 2745 6103 6577 
251 805 1857 1989 2349 3024 3502 3637 3662 6165 6938 7221 
522 720 1062 4449 5193 5768 
266 1312 1487 2408 3471 4531 4756 5122 7887 
7603 
6221 
165 193 1845 2700 3164 6608 6674 
13 1018 1588 
1743 2095 3424 4112 4387 6333 6358 7746 
433 1274 1411 1884 3028 3203 3949 4545 4696 5552 5688 6542 6922 
177 
181 4573 5579 6774 
3893 5861 
609 5347 
326 1129 3249 3500 4410 5511 6605 
236 421 3300 6864 
248 7487 
1707 2043 7167 7238 
182 2156 3754 4173 4647 5653 7120 7269 
1549 5384 6930 
631 1060 1357 1539 1648 3213 3597 4535 4699 5110 6832 6889 7680 7772 
682 1308 1723 2493 3694 3961 3983 5082 5403 6104 6546 7147 7822 
4130 
1602 
4927 
4317 
183 1929 3240 3509 4207 4243 5510 7495 
3714 
1298 
830 1688 2826 4457 5209 5656 6445 
222 5624 5673 
6096 
1059 1535 1908 2538 3338 3710 5119 5626 5993 6585 7614 
191 313 836 1195 2468 2792 5361 5987 7246 7932 
45 1559 3196 3741 5358 6290 7801 7939 
195 851 2180 
1632 1764 4411 7033 
6638 
157 
204 908 1294 5466 6205 
210 683 1375 2397 2991 3599 5396 5674 5776 5784 6946 7948 
3140 
205 1229 1247 4777 4922 5383 5700 
155 2292 2785 3505 3624 4190 5296 5854 6147 6526 6863 
179 2231 2643 6049 6101 6389 7371 
213 799 1027 1895 3301 3486 6537 6590 6942 7193 7257 7473 7498 
5236 5309 5911 
4154 4323 4544 5809 6142 
215 4763 6784 
494 
219 3179 5078 5364 5997 7023 
6191 
714 747 915 2006 2726 2961 4804 6078 6153 
3499 6100 
1012 1823 2027 2670 2719 2825 3035 3842 3866 4585 4655 6964 7491 
2852 4077 5306 5539 
1367 2153 2575 3241 3636 7925 
1801 
382 1577 3569 3605 4188 4650 4761 5018 
2446 6150 
2263 2713 3798 5199 
220 349 2286 2817 4076 5171 5764 6834 7280 
5973 
5871 6810 7034 
2012 3153 3436 
1203 6785 
224 3978 4731 
549 6420 
235 717 7588 
417 426 1364 1368 3355 3492 4147 5538 5650 
1138 1262 1413 3071 3506 3890 4797 5015 5924 6563 6822 7268 
4776 
3849 4728 
500 1320 4209 4282 4337 4425 5600 
231 
233 
508 759 3354 3477 6327 6651 7139 7333 7390 
149 416 1272 1514 2106 2743 3979 4121 4853 5916 6509 7804 
234 446 485 2464 3220 6199 7059 
608 1089 7890 
7008 
2877 3919 4931 5045 6069 6494 6622 7067 
483 3433 5091 7810 
240 
364 1198 1977 2314 3578 3731 3965 4156 4576 6765 6881 6986 7741 
292 
1171 
255 691 1306 1760 2103 2841 3124 3776 4506 5431 6722 
4071 
650 891 
27 1083 1962 1998 3218 
6076 7446 7708 
731 2855 6222 7859 
29 2197 4227 
243 
4916 6241 6616 
739 932 1147 1999 2655 4260 5894 6452 6878 6957 7375 7582 
1817 
653 1254 3154 
245 4218 5379 7891 
3067 3547 3619 6720 7063 7345 
645 1325 1611 1893 3650 3667 3689 4789 6185 6472 6723 6787 7188 
3567 
200 2305 3995 4492 5696 6274 
246 1800 2708 3289 
484 925 4950 5742 
278 
250 1676 1705 2361 4062 5124 6575 
249 7319 
6662 
391 702 1135 1811 3072 3674 3777 4359 7919 7954 
1709 3057 3474 7637 
302 1028 1402 1675 2132 2165 2949 4532 7303 
263 1435 1660 2369 2870 3623 3747 3861 5831 7612 7699 
121 1087 1453 1630 4157 4603 5095 5143 5567 5988 6343 
705 4799 
106 
265 475 1112 3298 3933 4548 4834 4857 5810 7755 7955 
556 3227 
660 718 1039 1706 2316 2553 3645 7393 7444 
5799 
126 
1224 1301 2966 5142 6697 6709 7213 
664 
666 2202 3117 5492 7993 
2148 4031 5039 6903 
671 685 867 6264 6581 
1011 7693 
673 1932 2867 
2837 6595 7496 
1359 
675 5555 7075 
6753 
676 1666 3591 4892 5815 
2125 3830 5229 6591 6920 
703 2555 3963 4063 7206 7795 7968 
6285 6365 
196 6495 
772 5805 6656 
1091 1178 1885 2211 2827 5334 6202 6373 7306 
678 2019 3074 5278 6909 
6479 
1061 2029 3063 3937 4658 6118 
679 
2022 6044 
680 1854 3888 4036 5440 6643 7035 7501 
5245 
681 2449 2606 3404 3922 4268 5128 5910 
7322 
1752 3518 6063 7227 
3238 3838 6535 
479 
686 3725 3760 7962 
687 5976 6676 7133 
688 1562 4507 
3862 4163 
694 1770 4004 4398 4814 6821 
698 2573 
709 1536 1946 2436 3728 4189 5901 5939 5968 
2453 2887 3677 6405 7165 7866 
710 858 4698 
713 
1933 5846 6145 
850 
1532 2207 3970 
1731 4029 5170 
716 872 1232 1576 6257 
4749 
190 3099 
721 1543 6308 
1595 1698 3880 6229 6516 7262 
401 6230 7357 7499 
724 2192 7183 
726 
1350 1920 2091 5995 6719 
3739 
1424 
2431 4008 
727 
557 
480 1552 4743 6576 
728 1520 1649 1673 2633 3209 4114 4710 5303 5433 5606 
6562 
4171 
94 2571 2668 2988 3998 5430 
729 795 1130 1650 2914 4973 5761 6993 
732 2600 2765 4287 6609 7915 
787 3346 3348 4394 6225 6541 7137 7769 
3615 
733 6515 7015 7757 
807 3548 3911 4054 4737 5548 
6357 
734 1380 3638 4032 
742 
665 3244 6520 
746 5089 6386 
4210 
748 2114 2947 
408 4005 
749 1889 1941 2111 2487 3794 5067 5233 6190 7806 7987 
1374 5769 6180 6782 7749 
754 
4493 5925 
1005 1496 1839 2778 6419 7497 
993 4322 5181 
757 
541 963 1291 1450 2308 2587 2871 3708 5004 5850 6302 6356 6513 7013 
758 4901 5052 
1144 1386 1685 
766 1078 3780 4517 4720 5478 5634 6657 7239 7671 7992 
5476 6626 6895 
768 2094 2223 3563 4072 4718 6934 
1860 
1527 2597 
3239 
1797 2763 5718 7356 7378 
779 7069 
3282 3407 3917 7224 7986 
477 1181 1442 2513 4416 
1283 2946 
781 1141 2181 2769 3246 3977 5704 7384 7492 7724 
1497 6134 7156 
495 3350 3716 4330 4568 6685 7258 7479 
1819 5310 5375 7426 
785 1501 1751 2257 2728 5033 5536 5777 
789 5556 
4485 
793 1978 
800 2010 3011 3748 4082 4751 5062 5677 
643 1040 2588 7149 7482 7546 
801 2267 4530 6022 
462 7334 
810 2024 2748 4391 4438 5316 5342 5986 6606 7163 
2548 2576 3972 6441 
68 1456 3525 4320 5011 7421 
1054 1412 2395 4196 7726 
293 395 1671 3497 4524 4905 6042 6898 
812 1796 5551 
3110 
18 2584 2962 4665 6293 7349 7429 
1415 3389 4148 5838 6219 
2802 2883 
33 2941 4178 5682 6554 6833 7403 
818 3172 
820 2394 4344 4538 5224 6210 6557 7789 
1699 3749 
826 5135 
7567 
5244 
384 1791 3325 4060 4102 4875 6064 6565 
827 1019 2438 4621 4888 
159 719 1122 1345 2208 2504 4105 5514 5570 6553 
829 1567 4464 5113 
2706 
831 1267 1964 2523 4491 4591 6874 
3746 
644 6363 6751 
834 2284 3552 7194 7675 
1470 2556 3787 6974 
835 2697 4313 5353 5603 6973 7634 
1363 3887 5758 
3113 6252 
839 2500 3319 7038 
1052 4220 5770 6961 
841 4802 
6444 
1829 
75 393 1382 3845 5516 7736 
844 2213 4303 
30 1581 2039 5689 7469 
848 1537 2345 2581 3145 3874 4070 
853 1094 2108 2169 4170 5256 5319 5456 5982 7778 7885 7964 7972 
4159 
856 3793 7078 7348 
7064 
3737 4619 
3262 
1216 5059 
5419 
5243 
859 2928 
863 5405 
866 5569 
6928 
5728 7270 
1651 1827 4053 6489 6836 
3620 
868 
6481 
3672 4908 
1804 
869 
504 
877 5989 
882 1744 1972 3703 4727 5148 6130 7935 
885 1170 2525 2762 3111 4068 4520 4719 4876 
4399 
1226 2437 3530 5340 
2007 2922 3261 6183 
111 2079 3907 4271 4417 6414 6912 7073 
887 
893 5264 6292 
1025 2244 4300 4481 
898 902 2462 3464 3987 4041 4083 4919 5543 
3460 5679 
211 4028 7725 
900 1818 2738 4564 4627 6979 
4725 6856 7218 7641 
901 2456 3996 5442 5822 
5534 
1185 2532 2925 5473 7117 
907 1739 2789 5100 6161 6989 7570 7609 
626 3021 3675 4474 
1053 
7308 
6737 
912 5943 
6032 
991 1521 2117 2944 3303 3651 3853 6875 
913 3462 4118 4952 5381 7514 
2383 4668 4994 5965 6354 6456 
1605 
917 1544 5643 
918 3628 4018 6430 7767 
920 1176 3043 3799 4003 5053 
519 1540 2731 3221 3740 4049 4369 4500 6840 7153 7860 
42 2359 2467 7508 
923 1196 1849 
1327 
158 525 628 2075 6418 6801 6939 
928 4850 4907 5573 
930 1239 1293 1618 1915 4166 4713 5605 5909 6659 6941 7475 7541 
509 617 2737 6463 6487 7101 7232 
931 7834 
2405 2984 
934 1492 1790 3323 
6614 7493 
532 7409 
1127 1952 2608 4328 4700 4779 4933 5791 6652 
4778 
935 
1627 1719 3570 4231 4523 4717 7077 
929 1525 1763 4258 5203 5448 7399 7502 
1172 1621 3503 4434 6206 7685 
1940 3365 
936 1397 3448 6388 6635 7305 
4610 7850 
1157 1631 2182 2567 6981 7244 
938 
940 
6120 
981 2829 3006 6583 6632 7826 
4522 5645 6061 
947 2492 3850 4733 6828 7944 
565 2321 3859 
948 4843 6347 
959 5294 
2302 2457 2591 4402 6151 6917 7673 
312 377 551 883 914 1259 1263 1431 2119 2828 3839 5098 5126 5242 5304 5692 6139 6932 7157 7394 7599 
1678 
2848 
961 4363 5006 7602 
201 1725 2686 3274 3991 4920 6669 7031 7863 
1016 4439 4781 6085 
964 2030 2128 2212 3170 4561 4836 6026 6394 7347 7638 
966 1174 2138 3200 4259 4499 4934 5261 5455 5620 6760 7093 
1182 1209 1645 
926 2998 
910 2630 6733 
967 
31 1557 2183 5729 6171 6886 7694 
1463 
2062 2665 5477 5998 
1638 3288 4601 7419 7623 7875 
2444 
968 1154 2656 2721 3380 4354 5868 7521 
974 1665 1793 5172 7504 
975 2661 
6269 
1250 7585 
978 2551 2602 3317 3826 5076 5491 5531 5533 6645 7182 7914 
1902 
980 3809 4109 4754 5412 6510 6550 
984 1748 1963 5400 5903 7070 7653 
987 1253 5176 
1118 3614 3969 4549 4607 6289 6505 7649 
497 1694 2646 3533 4321 5411 6140 6857 7072 7583 
992 1976 2805 2930 
1223 1607 4250 5196 7556 
370 651 1396 2574 4580 4917 4980 7362 7861 
821 1992 3017 3219 3253 4967 6119 6629 7248 7576 
994 1821 5849 6740 7872 
1000 1554 2350 5422 7173 7414 7436 
131 855 4006 6731 6788 
1703 4419 4420 5044 7976 
1001 
1008 1623 1733 2416 2669 2807 3118 3778 4563 5481 6309 6924 7186 7977 
1009 
1617 1682 3588 5341 6197 7105 7229 
656 1169 1572 2219 2703 3751 3938 4724 5554 6953 7719 
1013 1117 3138 6594 6716 
1021 3377 3914 
1746 
1006 
1023 3473 5869 6500 
3458 3941 
542 1234 3376 
1024 6372 
6038 
1026 1134 1355 1928 2773 5069 5349 5401 6007 6439 6684 6944 7150 7990 
5299 
1029 1756 3660 3869 4052 
1034 3635 4998 5026 
6477 
1271 1348 4343 
4955 
695 
755 1633 3688 3773 4184 5251 5541 5640 6383 6642 6762 
1042 7080 
7128 
5722 6141 
1044 1131 2790 4656 4752 
365 776 2546 2625 4431 4942 5795 6217 
199 1343 2258 3742 7202 7383 
890 1043 2016 3510 3939 5439 5617 
1065 3242 7132 
2913 3537 
911 
1069 
1200 2636 2659 6538 6882 
97 3676 3735 5254 7265 7397 
1590 6527 
7756 
962 6586 6879 7047 
1073 2092 2720 7647 
1079 
1184 6148 
1080 1434 1776 2187 2232 2280 2742 4026 7108 7359 7461 7624 7770 7946 
2352 2593 2751 3042 4458 5348 7404 
1084 
4842 7274 
897 
1090 2301 4338 5747 6028 7418 
280 1426 
147 456 3959 4880 5070 5789 6284 7312 7448 7714 
1102 5464 
4985 6326 
48 573 1965 2076 2235 2386 2423 2939 5928 
1105 4381 4693 4845 
1108 1597 1643 1749 1898 2004 4179 4567 5367 6114 6301 6628 7849 
1111 1449 7490 7571 
1114 3270 4198 5581 
3606 5969 
1007 
1121 1445 2622 3136 3252 4732 6164 7776 
3805 
1620 3653 4335 5899 
1133 2427 2735 3329 4744 5093 6218 6867 7372 7945 
614 2078 4044 4314 4869 5429 6135 6429 6607 7204 
184 6437 7683 
1148 1342 3610 3719 7462 
6844 
784 1493 3810 5614 6261 6868 7697 7807 
1150 4570 4579 
2957 3435 6876 7045 7230 
1158 4536 
60 
1160 2149 2744 5285 
1524 3186 4891 
4486 
1163 1477 1807 2239 3843 3971 4132 4408 5872 5977 
2544 3156 4245 4472 
1166 1816 2716 3618 
4940 5023 5390 6325 6823 
1366 1990 2645 2849 3005 4390 7761 
1180 7657 
1883 3808 6377 
1183 1787 3629 7328 
7838 
2650 
1197 
1201 2519 3409 4246 5832 6184 7189 7999 
1369 7927 
3383 
773 1046 
1206 4951 6561 
2518 
1207 2823 3061 6270 6330 7272 
3467 3967 4786 7144 7892 
1661 5875 
486 2860 3125 3975 4543 5025 5646 6260 
1213 6133 7678 
1055 1257 1904 2727 3414 3695 
1704 2585 3148 
1217 1729 2126 5443 
1235 2528 3318 6578 7175 
579 654 2041 5506 6726 
1732 1740 2368 2757 6084 6423 
1241 6686 
1761 2246 3857 6175 
1251 1319 2326 6658 
194 6613 
536 792 878 2050 2411 4413 4651 5104 
1252 2038 2164 3342 3566 3631 4691 4882 6192 6362 6507 
1979 
482 2589 2627 2990 3129 3872 4652 6641 6769 6940 
663 6718 7646 
1256 2072 2862 6131 6473 
73 1863 4375 
1261 1583 2353 2813 3942 4758 6458 6743 
5321 6536 
1268 2477 3308 5425 5648 
3854 
139 151 1237 1506 2499 4608 7996 
225 4149 5666 5699 6802 
1282 1783 2313 2428 5496 6263 6746 7379 
1240 1296 4021 4089 5469 6564 7254 7577 7717 
1288 2242 2836 7455 7865 
1292 6618 
1297 1712 5507 6548 
1788 2439 2610 6950 7797 
49 290 2692 2750 3180 4176 4742 4926 6398 7276 7507 7895 
1300 2540 2628 4256 5996 6345 7086 7672 
1490 2291 5041 5255 6304 6310 6599 7655 
1502 
1476 
1302 7828 
1303 1561 2121 
1403 1815 5021 6838 
1997 
1307 7037 
1310 2390 2965 4992 6303 
3058 
822 3277 3814 6584 6768 
1316 1390 3429 5759 7561 
1275 2688 4081 4906 
1371 
1799 5812 
782 1033 2724 3284 4862 6017 7595 
1317 2323 3590 4043 4127 4688 5497 
6480 
990 
1318 
5856 6633 
1321 1653 1936 5444 5575 5628 7310 7629 7730 7758 7985 
2652 
668 3328 6916 7343 7387 
1353 4106 
2228 
1322 1646 
5024 
3094 
1534 
351 1441 2564 7118 
1323 1462 2190 4582 4938 7366 
1328 
6735 
1813 1830 2772 4294 5495 5726 5952 6695 6921 7241 7287 7742 
1329 5263 6393 6826 
403 2176 3287 3608 4380 5611 6873 7300 
1179 
1331 6855 7342 
2343 2498 2685 3235 3984 4832 6848 6883 7311 
264 2739 4404 6220 7207 7323 7900 
624 774 2900 3661 5322 5454 5739 6228 7040 7485 
1332 3014 3353 4122 4298 5417 5589 7965 
1341 1452 2080 3463 5097 5741 
1362 2102 4169 5404 7451 
1370 2318 6943 
2087 2935 4986 
1372 3956 4960 
7297 
1140 
1383 
1394 1674 2715 4910 5022 6267 
5240 
1395 1406 1657 2460 2592 3943 7840 7921 
2135 3879 
468 1969 2399 3905 
1401 1601 4550 4769 4807 6068 7957 
1626 6498 
1381 1953 3392 3565 4280 5350 6688 7099 
1404 3465 4707 5031 
3027 5426 
8 2429 5631 
221 346 953 3039 5105 5115 7179 
1419 5302 7620 7829 
4812 7124 7788 
693 1777 2133 2348 3206 3341 4979 5020 5659 6761 7747 
1423 3554 
499 2582 4255 6335 7775 
1428 2480 7055 
85 392 520 1841 3336 3482 3841 5772 6503 
1429 1526 5723 
1430 2756 3918 4964 5054 7843 
1679 
124 390 1270 3847 6392 6600 6792 7833 7937 
1443 2084 7260 
1451 3395 
2673 3438 3768 5660 5936 6306 6824 
1454 4445 4448 7024 7534 
1444 1494 
1459 3600 4653 
2901 5112 5421 
77 257 1097 1146 4104 7702 7947 
1464 
3707 
1469 1848 3654 4640 6019 7744 
5595 
4632 
63 206 5574 5801 6871 6910 7640 
1471 1921 2028 2140 3485 6552 
1472 
1482 2730 2838 3568 5604 7079 7115 7355 7557 
1484 
1486 7505 
5241 
1488 2047 3224 3685 5865 6050 7844 
4501 5619 
1347 4056 4292 6254 6862 7082 7405 7644 
1822 4103 
1509 
1512 2131 2783 3586 4251 5920 6523 
4924 5249 
957 2775 3579 3696 3738 5365 5685 5961 6640 6907 7817 
1513 3204 3713 5127 
881 2034 5130 6443 7611 
1517 1737 6997 
1388 5408 
1519 6340 7732 
1531 5034 5609 7410 
1556 1825 2272 3041 5680 6047 7873 7983 
1560 7053 
4212 4513 7842 
4143 
352 2611 3923 4064 4273 7327 
303 2185 3536 6417 
1563 3868 7696 
1565 5279 6295 
1566 
1569 3123 5003 
61 216 740 783 2605 3115 3556 3964 5780 5967 6679 7466 7494 7522 7528 7785 
1571 1775 3442 3644 4738 6571 7127 
3339 5963 6144 7350 7751 7942 
1580 4587 6468 
751 3443 6342 
1582 6531 
699 5102 
1594 2372 5029 6827 
1136 3269 
1598 4263 5038 
1609 
238 1058 7618 
1610 6893 7324 7396 
4389 5900 6053 
1516 2410 3441 4339 4365 4690 5480 6282 6972 7036 
1613 2654 
2598 5009 5706 6908 
1616 3686 5071 5668 
1635 5194 5230 6176 6209 6748 7433 
1656 
6296 
1658 6322 
465 735 873 1844 2009 2243 2363 3168 
1680 2653 5345 
2096 3908 5250 6237 
1684 4175 5330 5847 5992 6603 
3750 
1924 3513 4058 
41 178 767 1225 5258 7060 
1697 7423 
2911 4436 4471 5806 7782 
383 989 2118 3142 
1711 4055 6712 
546 1153 1333 1779 1958 2840 3682 4397 6236 6506 7432 
1713 3160 5086 7256 7830 
6040 
5927 
3571 
1049 5954 
1714 
4559 5151 7820 
1720 4859 6316 7222 
6411 
162 704 2253 2733 6806 
1721 3900 4661 6031 7225 
6211 
1722 1866 2832 4705 5913 6138 6244 
1730 2869 3952 5607 7633 7656 
4966 5326 
2060 4605 4867 5681 7527 
1742 
470 5295 7488 
1753 4242 6831 7368 
2206 
348 539 611 2475 4516 5035 5919 6567 6800 
1754 4460 5107 5663 5670 6054 6660 
2485 
1755 2298 3885 3897 4657 7695 
50 636 2003 7989 
1784 4216 7563 
1785 7219 
1789 4336 5558 
350 469 
1794 2338 2820 4716 4821 5779 5981 6776 7006 7682 7847 7940 
1330 3073 6189 7523 7774 
1802 2902 3101 3250 3410 6082 6699 6781 
1809 
