SW16,r_hop_max-1-uniform,1
242 
230 
205 
194 218 231 
192 
189 190 
181 187 197 198 213 
167 168 183 184 185 
162 177 
144 145 161 164 174 176 
122 139 154 155 156 173 
107 
102 
202 
106 
90 125 141 166 
17 31 38 47 48 49 51 62 63 64 66 78 79 80 113 127 131 159 227 
117 120 132 133 134 138 149 150 165 171 
13 43 163 178 179 180 182 195 
57 91 92 93 
223 233 244 
2 193 206 208 209 210 211 225 226 235 
207 
151 
9 25 26 42 
4 5 21 245 250 
45 88 238 
22 
8 123 170 172 188 203 
73 169 215 247 
10 11 12 14 18 19 27 29 46 61 77 186 221 249 251 252 253 254 
16 33 
6 7 15 39 40 52 59 214 248 
3 35 50 67 81 82 89 97 98 100 114 128 129 160 246 
1 224 228 240 241 
24 53 55 65 68 69 70 84 85 101 255 
54 71 
41 
0 20 34 130 
30 75 112 126 157 158 175 216 222 234 
23 
28 140 191 204 219 220 236 
58 
95 96 108 110 111 
32 143 
212 229 
36 
60 237 
37 44 56 72 74 86 87 94 103 104 105 109 118 121 124 136 137 142 152 153 199 201 239 243 
217 232 
76 99 146 147 148 200 
83 115 116 119 135 196 
