baseline values
n: 256
0.03665949606483321
0.005719990169780309
0.6792894551871148
0.2014687636774043
0.1491330226872073
0.43092122774206587
0.2890641327790122
0.706305844312117
0.12301554976123186
0.12895375822554056
0.6518121127540606
0.6742050612645126
0.09215795086615974
0.5895944952661124
0.3123417797922875
0.8450140722723889
0.7633997045415297
0.4076376783181527
0.3229920157856757
0.921251988503073
0.9140453683071362
0.6604179440024359
0.016911608215746776
0.8849832299811176
0.677693628711882
0.8046736410101529
0.9115776607281421
0.7212205443839272
0.9552518473623489
0.9295622651556908
0.9228747462837614
0.26551510871732575
0.782684840613536
0.6223831710223163
0.5110858341681183
0.3579279053731024
0.49588252344244454
0.4269046064907628
0.696890824380922
0.17507872857681273
0.2320347560939544
0.9061826545515713
0.8622492631533859
0.2388153993345974
0.11030541406351335
0.6428285716292141
0.13415580540822925
0.1569912674872339
0.942648468302533
0.9314169799118256
0.5921309069201519
0.7528164701286542
0.06772847568491058
0.1136922015214108
0.8631558607791575
0.9090044001876101
0.6784194864299029
0.06273586282626942
0.9665811507709796
0.9533007152667681
0.4183748053548332
0.3361981776155264
0.7179480140297992
0.42173303593829503
0.05051732638806972
0.255292231562842
0.9201718277285273
0.17710914021348712
0.2200424441238117
0.6826447198531526
0.22103726993278783
0.7662904882485732
0.5881835080683798
0.5916905796629548
0.47675784421937106
0.20827344198854758
0.8871031646156168
0.6784648307528016
0.41599381169191474
0.1721818444409361
0.1043408638883705
0.2862955854789573
0.587577474538682
0.6665083101906649
0.9599832400087261
0.10974976223618815
0.032380513879636696
0.6613389900946536
0.6620387189611732
0.014367538871744578
0.9180945040213593
0.35814294636560506
0.570455328102075
0.5156449004269934
0.8013670670059769
0.9342295488106644
0.15865617998953807
0.39979856307385386
0.7030161978264665
0.3924791744374104
0.9550682435407146
0.8224051459600826
0.14242293884467772
0.850303903206032
0.129382456547396
0.6445743845591
0.012797858043015364
0.8876940078938225
0.41064941562724655
0.7697815002744027
0.7099678087775604
0.25456468608294947
0.3326640038752555
0.32620461042041504
0.3568861462227715
0.3548699284412794
0.8903905508998333
0.29581848643220565
0.07149964707606793
0.03301994116102558
0.5148304558424149
0.2814528271774479
0.5166313098839045
0.14008604708963923
0.36971433694329947
0.25407520014830487
0.7339177047349656
0.9733173131551677
0.7472665255868127
0.7625018201849056
0.9190237396962697
0.40966003349235136
0.6002905737792944
0.3327395375635752
0.588336094778743
0.7421657816766173
0.6431717306669893
0.46651086155777266
0.8393788096934037
0.13352237998278804
0.2658195362743294
0.41562130879558046
0.5874905975119594
0.709347873995958
0.9301730873202272
0.14805444641484367
0.7014413328156585
0.31135929908403004
0.4331594856505211
0.7823716512532042
0.41469957579675487
0.4821948353112492
0.9031754607720464
0.10300681912445897
0.12422243835560398
0.9302660155169165
0.812150890230738
0.8706285144588872
0.6718966173398713
0.1315594310707755
0.9200521246602064
0.9943434310274133
0.4659065337900219
0.5743541234167967
0.9936518228630127
0.9532760057973757
0.7470743140714123
0.8596715074668859
0.013678259753004185
0.2233637063724495
0.9683385113671749
0.9336930583650194
0.6464704467793118
0.31228955875340625
0.5057050393304431
0.46060109326847876
0.3887415573615872
0.705660586184137
0.45111170032421144
0.39328054345323193
0.978681818409363
0.5420783946553575
0.24042312964301582
0.7835422176471124
0.7560594970607301
0.8125778777646365
0.11770366884096939
0.728567272487951
0.588754288451722
0.9974705783371739
0.3768581869861075
0.7682497173202973
0.8218798083713948
0.24450409885446034
0.4128354671173138
0.5416352735280059
0.1830539373192419
0.48116273225698325
0.25450168905730486
0.7803875669072874
0.5737233202316969
0.37898078510376443
0.982835800186278
0.9080088876905387
0.2215329267950169
0.5951393616885764
0.7063564436616114
0.8344344313922555
0.5159738616775572
0.8354587737695058
0.14743573431695622
0.26453188684858875
0.813813489249416
0.9698269033253722
0.809877007979159
0.6731217592519968
0.21677460416619965
0.7168158944013545
0.9114145408337547
0.15261230733247677
0.0031396478287243346
0.23081446775018077
0.6667337451775174
0.06523953187798925
0.8599738084865898
0.4934569952968031
0.24228321635680106
0.512788882433488
0.47165053928305534
0.4759622332785647
0.14653627835646654
0.8291401296386567
0.260722057368029
0.8042863786247144
0.18085903605743536
0.5240669471735705
0.8028872677411042
0.7827812277614925
0.2708274766469302
0.0603485588188456
0.8126128914637691
0.9381855147261999
0.8608268435950869
0.3024860018754435
0.6673894671041167
0.45668108271173247
0.9583438496929227
0.5558282659924972
0.8020328531763051
0.707925588595135
0.11759080166388347
0.16836996281888328
0.347213358838797
0.4357860520689453
0.528508885256151
0.018668731003250616
treatment effect weights
edges: 3450
0	0	7.01901429026848
0	1	0.030224087163129004
0	2	0.16528427239820292
0	3	0.04485877378157956
0	15	0.004543308809445816
0	16	0.07544567791106437
0	65	0.10384141340691226
0	84	0.18436254106553485
0	176	0.15072098857911445
0	240	0.09670429708351111
1	0	1.7382324753797058
1	1	7.998955608973185
1	2	3.2517357228712043
1	3	0.9325816890481252
1	12	2.512405169518836
1	14	5.550338738102252
1	16	1.948228941908956
1	17	4.0931732683142705
1	194	5.477972271375597
1	206	0.9104231258025781
1	225	0.7531001034042154
1	226	2.0201776591484397
1	240	2.6801401347402565
1	241	0.10624646341265229
1	243	3.648736279906747
2	0	3.199495737288881
2	1	1.5577706137661764
2	2	3.063542305111817
2	3	1.7287714560242544
2	18	0.7594774408113532
2	46	3.478613608090638
2	70	5.120173353385763
2	96	0.546060669797669
2	156	1.9277180331115964
2	176	6.444776925239573
2	209	5.307452167868371
2	214	1.6862963413455696
2	221	1.2187786375064966
2	227	1.862070558716794
2	241	0.19427876252986406
2	242	4.059189823884185
3	0	3.2568277930757943
3	1	1.5927283052502987
3	2	6.085200528524926
3	3	1.5216841042029172
3	4	0.7600471741737042
3	18	0.7862375487445958
3	19	4.7586777181477045
3	20	6.273125519372573
3	21	1.4529312502268885
3	35	2.5024767850167704
3	43	2.054612806063645
3	51	6.499921362254264
3	52	1.1411415891061651
3	66	0.8451215989260591
3	67	4.85898100710324
3	83	2.806996872673466
3	98	6.777276356090491
3	104	7.463564457760598
3	141	0.6044712174215341
3	145	5.883045550964105
3	148	2.870866714964434
3	198	1.890693651885697
3	211	5.703157355530994
3	226	3.8011327109653266
3	227	1.9251006023242558
3	229	6.533295521833648
3	240	5.083998806256212
3	243	6.830229259961244
3	244	8.039461041446446
3	249	3.0022640174787267
4	3	0.25416202262051624
4	4	6.950719607107546
4	5	1.15044201399895
4	17	1.1388405410235876
4	20	0.8937845099082385
4	21	0.20971567930127602
4	50	0.3596970432154257
4	213	2.291219758565317
4	244	1.1973168051967658
4	245	0.565357845207469
4	250	0.3402704397954913
5	4	0.6471402162012491
5	5	9.18395147726142
5	6	5.726563821792358
5	14	9.156986891418393
5	21	1.255588770252129
5	43	1.7726031775476445
5	64	1.926514417615134
5	142	4.417875027248468
5	171	1.424544252833834
5	227	1.6785447986651825
5	245	3.302312311808615
5	247	5.872282269494437
6	5	2.177179978978412
6	6	9.319302477630844
6	7	1.4350048502175345
6	9	0.9810955433598046
6	18	0.22166478208631846
6	22	0.22912470829450804
6	55	0.011946089114198758
6	246	0.5313249912836145
6	249	0.8374202089613476
7	6	3.481862984235692
7	7	4.27417423661355
7	8	3.1152883165414074
7	9	1.805273657848908
7	10	1.088821936335669
7	17	4.09971108583432
7	22	0.4329714589163883
7	23	3.7495220170895345
7	39	3.0989534340831564
7	50	1.2978207508255093
7	55	0.02258620788323671
7	72	1.9544910986316197
7	90	2.3354931785486626
7	91	1.5797805263389129
7	244	4.330127360123713
7	245	1.9946117943462456
7	247	3.564108729079183
8	7	1.3663427875943048
8	8	0.1518426579315768
8	9	0.9443375927499507
8	24	1.0101776160063034
8	72	1.0022056189634145
8	156	0.5440834907560717
8	215	1.6082138148744798
8	248	1.307998332706718
8	249	0.8788938960837024
8	254	1.8658359549439316
9	6	5.532633102866998
9	7	3.9918019294853493
9	8	4.646834669110501
9	9	7.386375913465652
9	10	1.63155549707157
9	25	2.117894277590766
9	27	4.891964161574289
9	46	2.798254069596352
9	204	0.360883619151697
9	248	3.7003323371199066
9	249	2.3915437539544073
9	252	4.887363263934731
10	7	0.21608966266120944
10	9	0.19036257993187353
10	10	1.5746015662224444
10	11	0.09180540163564795
10	12	0.19024651304845883
10	13	0.26555897510761267
10	19	0.35210516350137283
10	24	0.24758718654018547
10	26	0.012928561797089773
10	27	0.29622700522767453
10	28	0.10637562225425962
10	45	0.12236471828618273
10	47	0.28969029088760223
10	64	0.10822415817990594
10	74	0.06249493794139926
10	76	0.04273837104566425
10	86	0.11887294792334203
10	92	0.18551026690124198
10	105	0.10179927472537502
10	106	0.06282603730805603
10	138	0.08499608721170872
10	154	0.30888308769519307
10	171	0.0805721978475138
10	181	0.017757287133212427
10	202	0.20136204090143908
10	203	0.1098027659691347
10	215	0.28971325576213774
10	229	0.32293123818630115
10	234	0.10610411436325914
10	236	0.1221427173308327
10	237	0.39259000247270665
10	247	0.284076585710953
10	248	0.24825418648658815
10	249	0.12277847755397076
10	250	0.09914613711894311
10	252	0.2773822423497178
10	253	0.3042315561833094
11	10	2.0704656063439173
11	11	5.79797029791686
11	12	4.64993278298301
11	13	3.4689755515027496
11	15	0.21057752097043003
11	26	0.2995562706262916
11	27	6.223396427890342
11	43	2.052321104499902
11	60	4.45721318422935
11	87	6.85950815573613
11	204	0.4603556175935644
11	224	1.016982514497596
11	233	5.519780540737823
11	240	5.068815917157967
11	249	3.0309767748928533
11	251	7.365724339899893
11	252	6.223688794576585
12	1	1.3804336971043734
12	10	1.7836479961790113
12	11	1.7344555848071277
12	12	2.257804396121071
12	13	2.9975979656428406
12	26	0.25759428943244783
12	28	2.224758163702999
12	42	4.803137253706788
12	76	0.7955435444822555
12	204	0.39373363401742006
12	245	3.253988726747176
12	252	5.3708001464244
13	10	0.9490263594967426
13	11	0.9290302382331337
13	12	2.1071350463868166
13	13	9.357576010802498
13	14	4.827232963012888
13	18	0.36600760409182853
13	19	2.2526238019964606
13	27	2.8681303258588637
13	29	0.05379125313140305
13	46	1.628270857139592
13	61	1.7163554396603196
13	77	3.764968810457701
13	179	4.52872618342118
13	186	4.375856585217862
13	221	0.5716064689888583
13	249	1.4670967764884062
13	251	3.379743027374198
13	252	2.9115764097675814
13	253	2.672481016811484
13	254	3.265949091580671
14	1	1.1926711774203111
14	5	4.373734631849103
14	13	2.6852345037782404
14	14	2.7373615227280004
14	15	0.1592243211056668
14	30	2.025366406748713
14	204	0.3446952037971723
14	218	3.018024301045407
14	240	3.8181463307524157
14	250	1.7566509634074312
14	253	4.343110183089519
14	254	5.301794101001366
15	0	0.841925807076387
15	11	0.5227528326344157
15	14	2.7123913780932734
15	15	3.719586921412091
15	18	0.20412996523221918
15	31	0.8621508365706902
15	55	0.010973294005006753
15	89	1.575509589492084
15	124	1.6228464768489261
15	162	2.3131172977140912
15	240	1.3136544432605908
15	252	1.6861927848425533
15	255	2.4790520848337345
16	0	0.41058938492370395
16	1	0.1943967674693377
16	16	8.897015640177939
16	17	0.9701635666010893
16	31	0.3847692367309485
16	32	1.9705906059250542
16	37	0.21150126230926564
16	50	0.28842919184660865
16	58	0.3063505559211312
17	1	0.7526310593759895
17	4	0.35648491946538136
17	7	2.372177650374445
17	16	1.6983343296853846
17	17	8.427404201568358
17	18	0.3650439619971234
17	33	3.673605688301331
17	46	1.6529443670339423
17	52	0.5258212280559753
17	63	2.865646978973593
17	94	1.8691445158646864
17	210	1.525980961380399
18	2	10.757180699996004
18	3	3.1269294500416125
18	6	11.518134490392814
18	13	6.209337915861155
18	15	0.37135380675181623
18	17	13.69145141028109
18	18	9.74843516446353
18	19	8.093244228112086
18	21	2.569561882050281
18	33	6.33195566616776
18	34	14.805253786253015
18	37	3.1400641009543317
18	43	3.626957425829328
18	46	6.278597571909601
18	48	5.015056935209118
18	50	4.349674033309624
18	52	2.0105953987373275
18	59	2.5942131106408675
18	66	1.4842484932258282
18	83	4.949966249472986
18	106	2.3920174496187343
18	109	8.112193909851891
18	116	0.29796620787816264
18	126	4.766582466380856
18	131	5.747995557210521
18	160	11.99015257293885
18	182	4.529106444740534
18	184	0.05845399113661901
18	197	4.807101458178311
18	224	1.7919736461545435
18	242	7.242340118716913
19	3	0.5665055986419184
19	10	0.6669916191067335
19	13	1.1536723724147326
19	18	0.2572402144355825
19	19	4.260817411064316
19	20	2.011535481665208
19	21	0.46469360720783615
19	35	0.7976429750826568
19	40	0.9754137689467496
19	50	0.7941286349344183
19	63	1.94957866830519
19	65	1.2689663987495994
19	143	0.13589859941473997
19	243	2.2817878355798396
19	254	2.248699825372316
20	3	0.48443155442720476
20	4	0.20238397727118712
20	19	1.3852260761371658
20	20	5.332426371294804
20	21	0.39755028500814316
20	28	0.7115127491990724
20	36	1.1483733027860676
20	37	0.49027786004956503
20	84	1.8277760854908964
20	214	0.4768458075939925
21	3	3.2388952789312064
21	4	1.3775329543338508
21	5	10.346143016748238
21	18	1.4354549725680885
21	19	8.336037486574227
21	20	11.504144558064727
21	21	2.3731379718023806
21	22	1.4911410833915824
21	25	4.9251123211639145
21	28	4.736573428244772
21	31	6.130268861193472
21	35	4.520766716694499
21	36	7.1360927329489705
21	37	3.265921452561057
21	39	10.630415621568654
21	42	9.833754384685339
21	50	4.500913209282196
21	51	11.799045401227326
21	55	0.0785300946183243
21	67	8.86699333814875
21	74	2.499678035549385
21	86	4.628242672071188
21	88	8.72027875428919
21	95	9.389159666767755
21	116	0.31024265149241825
21	117	3.9372898390386437
21	122	2.9532653552787895
21	199	3.284406505618978
21	214	3.175772564712092
21	243	12.424135342178484
21	250	4.278932960447829
22	6	0.833324980367932
22	7	0.26418810772761026
22	21	0.0785926010091171
22	22	3.306432638407694
22	23	0.9115957233037373
22	38	0.18284727750224708
22	234	0.1550934427212013
22	250	0.13110102662972992
23	7	0.9173043660240685
23	22	0.1551529146399441
23	23	7.047321463647
23	24	0.6312827995332622
23	39	1.0692052126672587
24	8	1.007701983938225
24	10	0.35369145337472
24	23	1.1495367461313006
24	24	3.4350403887947314
24	25	0.5003066377794663
24	27	1.0616078070459205
24	38	0.5276710621378804
24	40	0.5125319410568937
24	69	0.6186426856585466
24	249	0.5557066395910757
25	9	2.426154567095319
25	21	1.0392826008327591
25	24	2.3513988613997747
25	25	9.817153142904658
25	26	0.21254775900165088
25	27	4.45122449812189
25	41	2.9748321096111834
25	158	3.570241137664809
25	245	2.7527593301640283
25	249	2.229742254331432
26	10	0.3188665084875001
26	11	0.3114289331766125
26	12	0.7160481900844604
26	25	0.44027202653934927
26	26	2.6248003321693627
26	27	0.9485555829841392
26	39	0.9283258726363242
26	41	0.6610578150807622
26	42	1.0389575315876136
26	44	0.6208292810672531
26	45	0.43106125519084687
26	122	0.26637570896527485
26	167	1.2301503641575953
26	203	0.42224981814438844
26	247	1.0375290587055703
26	250	0.36284849477744574
27	9	1.3154798841366981
27	10	0.7925614310382963
27	11	0.7749301883291311
27	13	1.3250219370951495
27	24	1.3067220051288966
27	25	1.013252912087428
27	26	0.1148362034653751
27	27	9.374526732002908
27	28	0.9851134809854889
27	42	2.0312434108106574
27	43	0.7830094273556131
27	44	1.4605780432230984
27	86	0.9748435870819111
27	225	0.553986889549945
28	10	1.9805827717452218
28	12	4.420771587904552
28	20	6.033404374362272
28	21	1.3922590513308575
28	27	5.961798502612893
28	28	1.4413919116655272
28	29	0.11285876183599382
28	42	5.371325769046518
28	43	1.967221813835346
28	44	3.6565410518130337
28	46	3.41282058863635
28	54	5.6168685454492016
28	56	3.9433453032563945
28	60	4.261456030892297
28	61	3.5951574102765225
28	90	4.2511670684103295
28	96	0.5342232769980257
28	107	3.9727140631880675
28	110	1.6144332811279116
28	150	4.773301310141687
28	204	0.4404314891455135
28	220	0.822520914807821
28	221	1.1998275597549792
28	233	5.338357682871371
28	235	2.5927784612433644
28	237	8.020425834516768
28	250	2.2371614124987103
28	251	6.998315117096534
28	252	5.988241150725714
29	13	1.509995493964812
29	28	1.0872647137895015
29	29	4.766325956729503
29	30	1.1361570595902437
29	31	1.4096747572032078
29	45	1.1264198245814419
29	61	1.561812146875788
29	71	0.4800314625613194
29	96	0.23999099016042555
29	122	0.680124378961793
29	235	1.1559567383437988
29	251	3.104750550816104
29	254	2.963458266581271
30	14	3.1548241560626433
30	29	0.033552301833599134
30	30	4.9272250977458825
30	31	0.9712924949353798
30	46	1.0429239710411762
30	143	0.12087606679944643
30	223	0.972350949380768
30	254	2.061484734052899
31	15	0.16567672550768434
31	16	2.878517787552424
31	21	1.1493330856082469
31	29	0.09246964994523499
31	30	2.1082794065046184
31	31	6.483604975578517
31	33	5.643481081504602
31	43	1.6204189893191618
31	45	2.0953928645019553
31	46	2.818358563063667
31	47	4.77312805687545
31	54	4.582583516301741
31	63	4.814644092087046
31	77	6.472160854090971
31	147	4.4069109999595595
31	175	6.632677570845152
31	219	5.328437000199608
31	223	2.702200671334171
31	240	4.011558860990759
32	16	0.1419296005813812
32	32	7.256815077074982
32	33	3.120421186474515
32	46	0.1521256627664442
32	47	0.2466158060963785
32	48	0.14450212099807566
33	17	2.196213689673954
33	18	0.22346771607203017
33	31	0.9494265097587586
33	32	4.706038844529244
33	33	3.3720763259718787
33	34	2.42827147520421
33	43	0.5791015964434911
33	49	0.0862205879371206
33	50	0.6976427362343257
33	65	1.1227511860269752
34	18	0.3806925212408883
34	33	4.933037453030778
34	34	3.754380961253425
34	35	1.2307589780789463
34	46	1.7131049349763743
34	50	1.1880841602994128
34	51	3.171408294480069
34	65	1.877207784808234
34	84	3.141392997511478
35	3	0.6623377424143363
35	19	1.707082905481648
35	21	0.5480538326923057
35	34	3.3553845934015123
35	35	5.193872741611299
35	36	1.4606739762165333
35	37	0.6822509821847762
35	51	2.462655078998705
35	55	0.016066389025680076
35	83	1.0556051058059224
35	211	2.139336569910072
36	20	2.7933925432005844
36	21	0.6470366101570301
36	35	1.1110018153877768
36	36	6.454397118223277
36	37	0.8010471953826622
36	38	1.3701090000024632
36	51	2.905138687476932
36	52	0.5097834863160454
36	138	0.8891574091952511
36	139	0.4089574104317096
36	248	2.1031054609212094
37	16	1.5701586124126603
37	18	0.3416551386218863
37	20	2.715967356905003
37	21	0.631646953452835
37	35	1.1128589617637945
37	36	1.7063430119966752
37	37	7.45098163749371
37	38	1.3488317876142326
37	39	2.5298859115402856
37	43	0.8937908389559853
37	51	2.916715285687869
37	53	3.2670012622236695
37	55	0.018659144911592516
37	57	3.884556580825287
37	68	4.2740814885807055
37	100	3.484677037877374
37	120	0.06871449531221231
37	245	1.648060471811542
38	22	0.7133936294952878
38	24	2.9264133733272595
38	36	3.4107095702496197
38	37	1.572976287088826
38	38	5.192980364937708
38	39	5.109617132123773
38	50	2.165209757224795
38	54	5.15129524219046
38	55	0.03781150643587114
38	63	5.378236380621044
38	70	4.595670138500391
38	85	4.644169019234341
38	182	2.2548081076943833
39	7	0.956901865806997
39	21	0.267170144439268
39	23	1.698947993491002
39	26	0.055784338166778004
39	37	0.34099703711466484
39	38	0.5863927321847743
39	39	2.1159427203850867
39	40	0.5741705493103272
39	55	0.007911917541812561
39	67	0.8874044149012005
39	223	0.6554926121145757
40	19	1.6066187950828061
40	24	1.2132370110650894
40	39	1.9544266336061722
40	40	1.4259538629533752
40	41	1.4148073747796235
40	55	0.014504492489327466
40	56	1.4225235974063901
40	90	1.5014118640717666
40	234	0.8824578072517112
41	25	1.2329192756083465
41	26	0.1387544418335644
41	40	1.383931207844221
41	41	9.055957420840976
41	42	2.7856732206037944
41	50	1.144626087510432
41	57	4.19835122924486
41	59	0.6947356558210954
41	103	0.8565752649886575
41	105	1.0904059614032537
41	215	2.7540630641121617
42	12	2.6532833852477746
42	21	0.831806161239671
42	26	0.1707696764857782
42	27	3.5488337063308735
42	28	1.4783893153933563
42	41	2.376983426277408
42	42	2.6320714575714375
42	43	1.1748256303094675
42	45	1.5223951289234259
42	58	0.276726031177497
42	86	1.4472985653957042
42	90	2.5601682350192565
42	234	1.4520145591451896
42	249	1.7078485868470823
43	3	1.1861277216117951
43	5	4.308664709519912
43	11	1.3468095510712126
43	18	0.5269739761881408
43	27	4.174978337153198
43	28	1.733333506243294
43	31	2.2370067591025764
43	33	5.159062240180422
43	37	1.1920240302168825
43	42	3.797290512235725
43	43	4.729086975987621
43	44	2.5429639971663156
43	45	1.7886774995712906
43	48	1.890316287723367
43	49	0.20321429152445927
43	59	0.9832403095020548
43	76	0.6203108602412389
43	89	4.051324939113535
43	91	2.0071910461092632
43	98	4.540363696167674
43	122	1.093377441884424
43	179	2.730128628667408
43	219	4.515622211877501
43	234	1.6815231174564547
43	235	1.7969404556711421
43	250	1.5635924419958873
43	254	4.719027569059057
44	26	0.1313630716657134
44	27	2.737244909631724
44	28	1.1364019863831718
44	43	0.8945627832365343
44	44	4.655404814231337
44	45	1.182592037918678
44	60	1.9458151453613668
44	76	0.40719318710165875
44	106	0.6038369442838429
44	120	0.06927818299348858
45	10	1.9504317824059634
45	26	0.28198933425067024
45	29	0.11036452971929603
45	31	3.1565065180077143
45	42	5.056800285531807
45	43	1.9298268740690212
45	44	3.6141678782620468
45	45	5.1276222073450075
45	46	3.350352303810303
45	61	3.528797760213005
45	82	0.46550486948253345
45	122	1.5242753140564549
45	130	2.3935859962059647
45	221	1.171174750315131
45	240	4.772422426103937
46	2	5.978186929474716
46	9	3.359561555398431
46	13	3.488982189576732
46	17	7.542043424247602
46	18	0.7635632200912054
46	28	2.5313107949676215
46	30	2.6085907727079647
46	31	3.276299088419235
46	32	15.58496530082906
46	34	8.453767112840236
46	45	2.606492779357902
46	46	1.9560195084135867
46	47	5.894204297235741
46	62	6.058051194096543
46	63	5.9648510545680535
46	64	2.1599441533246253
46	88	4.654096074589338
46	112	0.9259457970435094
46	122	1.57070823441025
46	141	0.5866867486994861
46	154	5.6933393745653325
46	191	1.161061077245438
46	238	3.155920209624034
46	239	1.2954158565325808
46	254	6.887545843761049
47	10	0.4423905686035347
47	31	0.7117788007245401
47	32	3.4488737276718298
47	46	0.7702293383893647
47	47	2.5536760989050613
47	63	1.338184939721901
47	76	0.20053855995476835
47	77	1.772175473394009
47	254	1.5378082983191226
48	18	0.03245850633883567
48	32	0.7040199007549008
48	43	0.06686569061621951
48	48	5.683196075097631
48	49	0.011241352588604502
48	63	0.21431554364873784
48	64	0.09343123432868036
48	65	0.12602044354545616
48	143	0.013985647197925992
49	33	3.7642214094266904
49	43	1.5841288189172948
49	48	2.1975938524362832
49	49	6.27999438582304
49	50	1.9043940141749462
49	63	4.71142077114002
49	65	2.991929486514036
49	81	4.130132453842076
49	83	2.1644862476488766
49	84	5.051753773002238
49	120	0.12264514288143188
49	155	6.825197549956481
50	4	0.4073337083578974
50	7	2.6806161476016794
50	16	1.937448925585353
50	18	0.417578907314182
50	19	2.5766116174981617
50	21	0.7676231034557603
50	33	4.301513894343929
50	34	4.482547157190266
50	38	1.6491442671198446
50	41	2.198140531938042
50	49	0.16103904542015565
50	50	6.12712489563092
50	51	3.4815108411844817
50	52	0.6026556708590197
50	61	1.9703294431814002
50	64	1.1959451244728514
50	65	2.066445687914952
50	66	0.44553168942798055
50	77	4.344463741256951
50	81	2.785055975358818
50	83	1.4819182949684118
50	92	2.3290609786606553
50	96	0.2969661939321321
50	100	3.0497821626539854
50	126	1.436759159992777
50	129	1.5201200548869087
50	221	0.6591048911323053
50	229	3.6387835205348513
50	232	1.5624185644177593
51	3	0.0984186353878556
51	21	0.08199611462741377
51	34	0.6593131825774672
51	35	0.20439899385145058
51	36	0.24227211855943592
51	37	0.10578100219697271
51	50	0.14420121228133864
51	51	8.84736352311773
51	52	0.0680882248532318
51	53	0.4143399675648793
51	63	0.3431363712843892
51	66	0.04982248485266542
51	67	0.27398694072396407
51	224	0.05666908757691294
52	3	0.0650876480821822
52	17	0.3098131044761935
52	18	0.029883565951194534
52	36	0.22481761104740428
52	50	0.08139665051558119
52	51	0.3380875991622754
52	52	0.5032688247769201
52	53	0.2578032672194491
52	55	0.0013280243936017188
52	67	0.16528117325121744
52	68	0.4617082829094194
52	71	0.03749775416891253
52	89	0.2017907741633792
52	99	0.020765783045617606
52	115	0.33222044989651667
52	131	0.10971462492780747
52	213	0.5813517871365537
52	215	0.18586103620850256
53	37	0.10113445003501621
53	51	0.38795727028818777
53	52	0.05631408926401907
53	53	0.3933775005542761
53	54	0.31344478845086554
53	68	0.5719009391250004
53	69	0.2077888162083061
53	113	0.33953277999921944
53	120	0.007835924732960407
54	28	1.62500757121273
54	31	2.106931484411472
54	38	1.9595949574889326
54	53	4.725443946658836
54	54	8.58416396396303
54	55	0.02705638532299234
54	70	3.2982463997272764
54	71	0.7199511916244073
54	117	1.3566947915837348
54	200	7.935508638657299
55	6	12.037311228244565
55	7	9.422832023245904
55	15	0.3908294298140502
55	21	2.7044290273809586
55	35	4.615909367577945
55	37	3.3214323073551104
55	38	5.757211125648556
55	39	10.81135281389805
55	40	5.454382459604819
55	52	2.114194897376478
55	54	10.856728537214762
55	55	9.931754018217875
55	56	7.6537608491170355
55	57	16.656285091132855
55	59	2.7261587536473395
55	66	1.5630656478984688
55	69	6.708315566404729
55	71	2.1309279203499103
55	72	6.890743440433189
55	73	10.600958723864485
55	85	10.176898374794773
55	150	9.148888824194264
55	156	3.6540230329041266
55	196	13.482195453342245
55	214	3.233235489322274
55	220	1.6038258461863517
55	248	8.741478896670182
56	28	0.9325833548877571
56	40	1.103096071876122
56	55	0.01556379881059848
56	56	9.834557732421334
56	57	3.3323299176782046
56	72	1.351077011817609
56	73	2.0854948947637406
56	75	2.2199745712374064
56	120	0.05732636610685652
57	37	0.06663069832088249
57	41	0.15108133846206084
57	55	0.0015280156735235958
57	56	0.1639318067934657
57	57	2.2881346303661534
57	58	0.2637926706002784
57	73	0.20485033146017187
57	87	0.3943606843346112
57	92	0.17424651973461333
57	170	0.04992718277233436
58	16	0.3362086583484398
58	42	0.7038984409222216
58	57	0.8215639348783491
58	58	4.035963347149335
58	59	0.13126320920310292
58	72	0.3187535800375897
58	74	0.11563221800190496
58	89	0.522251836383577
58	90	0.3869028550386104
58	107	0.349253693672535
58	235	0.24702752446975595
58	248	0.47768755517029604
59	18	0.5407027107148399
59	41	2.8592174651180495
59	43	1.4214692225215995
59	55	0.029674979975991063
59	58	0.5240212903514677
59	59	8.011123138442613
59	60	3.099391970698602
59	75	4.218834516262634
59	76	0.639230047928054
59	138	1.3866874464824963
59	149	5.549520221431417
60	11	0.7695577479486144
60	28	0.9791792230560638
60	44	1.443814366368863
60	59	0.5626650184516662
60	60	2.6560054267742386
60	61	1.4154187465821675
60	65	1.5059172131999856
60	76	0.35340024974676515
60	81	2.0893110200141534
60	124	2.368527605647284
60	150	1.9602065985543675
61	13	2.266442214353585
61	28	1.6280107556543602
61	29	0.07409762957170807
61	45	1.6829449515002273
61	50	1.5545672043556589
61	60	2.8393961147590923
61	61	2.634520250515334
61	62	3.8322426037480484
61	76	0.5850749301817505
61	77	5.1799218394832724
62	46	0.5929467122081592
62	61	0.5943183215427582
62	62	2.400239090783891
62	63	0.9810531866399183
62	78	0.8918021175159719
62	110	0.27338561751510565
62	243	1.0720328926947507
62	255	1.4458574918948799
63	17	9.905895959414899
63	19	5.979234315342984
63	31	4.291164224355149
63	38	3.9612002737486165
63	46	4.577711987389615
63	47	7.7320738510653975
63	48	3.6831386419229326
63	49	0.38992172148198356
63	51	8.277546285273267
63	62	7.993251255217193
63	63	7.740845130382292
63	64	2.8755435764214923
63	66	1.0780403480649465
63	78	6.941589275590029
63	79	6.320535995809528
63	80	2.4140435491952967
63	113	7.203014736784319
63	127	5.444801067067145
63	131	4.17377711085267
63	159	6.55516370132398
63	227	2.4634266860916574
64	5	2.2758544594197345
64	10	0.6580505876793702
64	46	1.1324375637637512
64	48	0.9297043443700254
64	50	0.7819200693133643
64	63	1.9560378915709986
64	64	7.545280097366586
64	65	1.2665036139822279
64	72	1.1880365267768747
64	79	1.7215882289480628
64	80	0.6139926696105888
64	131	1.0283178411150646
64	192	0.9861171411773331
64	206	0.5494978134926293
65	0	1.7478756321994349
65	19	2.4607507135205084
65	33	3.858431333756221
65	34	4.743794422533216
65	48	1.5230528424117153
65	49	0.16078479264426626
65	50	1.2946689642576055
65	60	2.350494462189487
65	64	1.1796395317813235
65	65	6.665829367358648
65	66	0.4427531914744914
65	69	1.9019058165609568
65	77	4.319962547655078
65	80	0.9956874497933568
65	81	2.8142480073231724
65	102	7.163517172378109
65	113	2.98131272488288
65	117	1.1322244721491463
65	126	1.427348082696742
65	131	1.706341717752314
65	230	1.7864409371538248
65	252	3.274158453930023
66	3	0.9727292504109298
66	18	0.43346549779430793
66	50	1.35510151842625
66	51	3.6948364682176327
66	55	0.023712129144908542
66	63	3.378957742749558
66	65	2.1578883124160684
66	66	0.42236499590411203
66	67	2.6629609463084414
66	82	0.2870217993709553
66	83	1.5525836289491561
66	98	3.724200173629463
66	114	5.376299925253862
66	147	2.820311367266739
67	3	0.7887969856650302
67	21	0.6508839965657157
67	39	2.6090446902141706
67	51	2.929689852222721
67	52	0.507489153694858
67	66	0.3814290507813961
67	67	0.6188825325197378
67	68	4.395525599522517
67	72	1.66541069532914
67	83	1.2587499776799267
67	84	2.909034837219898
67	96	0.25558360376878325
67	99	0.2806918947865322
67	115	3.6568024138744173
67	116	0.07721388794562077
67	131	1.449519129470793
67	144	4.841590010036581
67	149	3.6132271204122692
67	255	3.416754600214802
68	37	1.5948285713295778
68	52	1.0150676504783975
68	53	6.667216679863401
68	67	4.323975886545105
68	68	1.6752489732079456
68	69	3.217160720786949
68	71	1.0215873921843464
68	83	2.50091496180042
68	84	5.8777027931874395
68	100	5.880578189467901
68	124	5.560716425673699
68	156	1.7720622907933383
69	24	2.7975416035383036
69	53	6.380123680151325
69	55	0.03683461854933192
69	65	3.366104749822001
69	68	8.431962118943863
69	69	6.433591966934722
69	70	4.501947044374134
69	84	5.681044600282996
69	85	4.835295062999049
69	101	3.9355333605013194
69	182	2.2290141390320612
69	255	4.512927421764793
70	2	1.9160082759874864
70	38	0.9493428765381864
70	54	1.768520759737721
70	69	1.0887121035918033
70	70	2.6843364725547736
70	71	0.35497207684065446
70	72	1.1314567353268237
70	86	0.7825508996136633
70	104	2.2993708859916193
71	29	0.11721406964976398
71	52	1.1292904158028039
71	54	5.780327529317656
71	55	0.0425290445445336
71	68	9.789041222388667
71	70	5.231253578809858
71	71	0.3892892385828517
71	72	3.6830304158128606
71	76	0.919773617148253
71	87	6.923764378555177
71	88	4.715566381803266
71	90	4.410339457991237
71	215	5.7900218130912675
71	235	2.742453085467068
72	7	3.5961161596686346
72	8	4.210316132078967
72	55	0.030595638805938682
72	56	2.9509783511725782
72	58	0.3629977553103029
72	64	1.6106419534783387
72	67	3.44734695377976
72	70	3.723045862941886
72	71	0.8158602730739947
72	72	0.5895652886751312
72	73	4.054612296971019
72	87	5.323740545853487
72	88	3.435629656404868
72	102	9.665464026587127
72	104	5.32717656195192
72	120	0.11295738842340869
72	168	2.999538927657172
72	187	2.8797642500670757
72	248	3.346674147735686
73	55	0.005966868690760941
73	56	0.6209124298880438
73	57	1.224977205881993
73	72	0.5058379076620202
73	73	7.76414004300872
73	74	0.19507229739745865
73	79	0.7637720220222635
73	89	0.8427240915501946
73	90	0.6107762434540418
73	105	0.33566794225722624
73	106	0.18722817294758043
73	140	0.590287931305444
73	199	0.24473115037703497
73	249	0.4789620132657345
74	10	1.558543935729421
74	21	1.0967786555302672
74	58	0.4309894638798392
74	73	4.283120694427462
74	74	9.836066910338314
74	75	4.536826675404056
74	76	0.6977756474834829
74	82	0.3782986197328152
74	83	2.1057742934300125
74	90	3.338258124034429
74	120	0.11934657351492307
75	56	2.231762464187629
75	59	0.7907332356895012
75	74	0.7353552201703027
75	75	5.447605786434365
75	76	0.49857289015943906
75	78	2.998077887364279
75	91	1.5995459312119236
75	143	0.2274917450234429
76	10	3.528987422466993
76	12	7.784730458145842
76	43	3.496216734149211
76	44	6.470276314312148
76	47	10.239703897682523
76	59	2.492538229645971
76	60	7.600173697489883
76	61	6.374331423807143
76	71	1.9506256310369008
76	74	2.329998086588436
76	75	10.214103218804514
76	76	9.054860726411267
76	77	13.895368075429115
76	78	9.229535287749123
76	79	8.056275030432936
76	88	8.091610909191326
76	90	7.547054554038262
76	91	5.0170056616578185
76	92	7.483239200009947
76	96	0.9555926423076626
76	108	8.561324379297355
76	109	8.05062470104786
76	111	12.282996243478486
76	112	1.5890780122740336
76	122	2.7481939143666767
76	124	10.568922022863678
76	129	4.903628260756085
76	135	5.245823002472606
76	139	1.5292147515068322
76	147	8.03623748669542
76	156	3.360339403647894
76	204	0.7800644203512457
76	252	10.618841432156822
77	13	3.3820034687975378
77	31	3.2317017343074372
77	47	5.778314523615517
77	50	2.374113992272912
77	61	3.611304980159395
77	65	3.7316566258802055
77	76	0.892133373022566
77	77	8.832993711693339
77	78	5.248671224988624
77	92	4.2233181281254515
77	93	12.38689799917008
77	95	4.934523744897179
77	108	4.895883767451701
77	127	4.093009465006088
77	132	1.2921713651006619
78	62	3.6690854782757945
78	63	3.484522144526446
78	75	3.425649040883199
78	76	0.5337074071720426
78	77	4.668466613420372
78	78	2.7434872479444214
78	79	2.7735822241954864
78	93	7.469761078268042
78	94	2.31791031669404
78	95	2.954767938158389
78	143	0.24413119657717824
79	63	1.7033135954639629
79	64	0.6260264292517496
79	73	1.6033453266851567
79	76	0.25683621941768725
79	78	1.4979745771663713
79	79	8.853376404942987
79	95	1.4215704917024288
80	63	2.7548848192222026
80	64	1.006782812548545
80	65	1.78987387261864
80	80	5.8706915937218085
80	81	2.4061167702781616
80	95	2.308345217250346
80	96	0.2562476885485064
80	97	2.4276015842019714
80	124	2.8224085984317298
81	49	0.05085290312427065
81	50	0.4136484078783167
81	60	0.7524820931855082
81	65	0.6445475915433647
81	80	0.31957815544334217
81	81	9.9475773030367
81	82	0.09860848341421556
81	83	0.4761065993759193
81	97	0.9366818130739561
81	117	0.3830574693473374
81	143	0.07121584564633661
81	159	0.8586663876738884
81	223	0.5662639586057098
82	45	1.9937444641014428
82	66	0.6343330584036685
82	74	1.0398323003412775
82	81	4.002094987575216
82	82	9.056019376171621
82	83	2.1085226385950464
82	84	4.9395808564502115
82	89	4.564975570050495
82	98	5.025426317177652
82	99	0.4687179975166237
82	101	3.440378276970135
82	130	1.8930978453615805
82	173	3.7262762034400385
82	224	0.7665284357782858
83	3	1.5127861396110323
83	18	0.6660706900714466
83	35	2.1622985047326746
83	49	0.260702514795451
83	50	2.1008248083945866
83	66	0.7138441804876717
83	67	4.125824159741085
83	68	8.500709812544123
83	74	1.1636155111464068
83	81	4.4250443101227
83	82	0.42461552054316487
83	83	0.15135657903642463
83	84	5.636669384768923
83	86	2.1502826451144905
83	89	5.1793432340402
83	97	4.568527652000177
83	98	5.780405952064702
83	99	0.5347904400352924
83	100	5.739529032954029
83	103	1.5510344537768344
83	113	4.792299604684979
83	114	7.911916773592034
83	119	7.828625076756468
83	128	4.876088822149801
83	129	2.2417625425313186
83	132	1.1428679030902995
83	150	4.232973602397535
83	160	5.769641589280357
83	246	1.5558776420997678
84	0	1.761483011981419
84	20	3.3255319436136075
84	34	4.827391588991613
84	49	0.16114433282987622
84	67	2.543358350974183
84	68	5.29371070493283
84	69	1.918404936253414
84	82	0.2558671664267916
84	83	1.4812696222191057
84	84	0.09327487654240518
84	85	2.8038634997048937
84	99	0.32786098174868417
84	100	3.448373230089432
84	130	1.3182348978481218
84	165	2.9064390966378273
84	226	2.009944444419073
85	38	0.215987937441395
85	55	0.0027699060095639884
85	69	0.24578456025473042
85	84	0.4036457437189002
85	85	0.7546441488042754
85	86	0.16909626637220787
85	87	1.1476868286062474
85	88	0.36561176604335666
85	96	0.03838335309918388
85	101	0.35159354680376265
86	10	2.1961999096567038
86	21	1.5359864269790333
86	27	6.57480268261527
86	42	5.966213141708343
86	70	5.51661609554772
86	83	2.9600103673496747
86	85	6.160472552565829
86	86	7.067518771724065
86	87	7.299356434647152
86	102	14.106671261196723
86	120	0.16792176076565193
86	130	2.6457656738692563
86	153	5.81328441050411
86	171	1.7446000062677203
86	182	2.7332751017160533
86	245	4.024464991393502
87	11	1.0416920151708213
87	57	4.748508862957882
87	71	0.5942215743639572
87	72	1.9150829532798275
87	85	3.25981984631379
87	86	1.3119290101988066
87	87	1.8603702572465541
87	88	2.4733150737070244
87	103	0.9468403592503833
87	105	1.2142693039658765
87	120	0.08218746768276003
87	150	2.6244109086173464
87	247	3.5460745839646304
88	21	0.4683156532274774
88	46	1.1488826571528712
88	71	0.367437542413752
88	72	1.1996083381215448
88	76	0.2977201111146764
88	85	1.8118653932532733
88	87	2.3171381068879477
88	88	6.955415560559332
88	89	1.9418180477277716
88	90	1.4339242744339054
88	104	2.396681368529514
89	15	0.26773900700248504
89	43	2.6033321926148005
89	52	1.4450617750418338
89	58	0.645256069700984
89	73	7.247462303387868
89	82	0.6305351096501944
89	83	3.553347001012432
89	88	6.019967848430059
89	89	1.5257251241902947
89	90	5.64741871497466
89	94	5.116381551395483
89	105	2.9631339213485277
89	106	1.732142108478399
89	121	0.05836107991952441
89	122	2.0577541757380757
89	138	2.5409719386866096
89	157	2.12095692736626
89	195	0.6119271492564671
89	229	8.301347442622662
90	7	8.083058340804747
90	28	4.11924557267903
90	40	4.650793757213618
90	42	8.69553971676442
90	58	0.5136049210773405
90	71	1.8287166499293004
90	73	9.078181379448903
90	74	2.187139139230567
90	76	1.472199920760856
90	88	7.6391368906630746
90	89	9.662615737075408
90	90	3.8311746251279977
90	91	4.7056818282414605
90	105	3.732491387647402
90	106	2.1730934038784278
90	110	2.667410004795362
90	116	0.26997938614289696
90	123	2.389989105281996
90	126	4.297139335978013
90	138	3.1909576655376766
90	141	0.9591366762586142
90	248	7.550576313550962
91	7	3.5277562706294807
91	43	1.4343937756169982
91	75	4.2622801640121635
91	76	0.6435312561689354
91	90	3.1098515845412362
91	91	0.4047593821403561
91	92	3.067208456012264
91	94	2.810502990080162
91	107	2.9151366249494863
91	189	4.60588662254799
92	10	1.283976978274805
92	50	1.523330818871795
92	57	5.626396041599934
92	76	0.5744854741898683
92	77	5.059745280260627
92	91	1.8519475624625137
92	92	7.930366600513875
92	93	8.029553410527974
92	108	3.1534441857736777
93	77	4.096237070663551
93	78	2.7448285154197833
93	92	2.178636037409785
93	93	5.876393250535429
93	94	2.0104553402477268
93	105	1.1662755641887717
93	108	2.6606392614923005
93	109	2.307929408145284
94	17	1.0675274066121476
94	78	0.8288182744650259
94	89	0.8322545381883213
94	91	0.41564362886784184
94	93	1.9195933173155977
94	94	7.17299618427462
94	95	0.7223124087580841
94	100	2.2035416769211573
94	110	0.24305576368434922
94	111	1.0125887174150654
94	120	0.021609184189399364
94	123	0.2065622078438589
94	129	0.5460381573065947
94	156	0.29154399586744395
94	158	0.7332876937548554
95	21	0.3233319353658119
95	77	1.8333543905088638
95	78	1.3022842908225416
95	79	1.2276427883728995
95	80	0.45087746931220013
95	94	0.8952849146279895
95	95	1.596249759371674
95	111	1.6678901108110875
95	126	0.6124879761883921
95	127	0.9574940274963059
95	162	2.2158465361850532
95	254	1.5782965431795033
96	2	2.5612032148960875
96	28	1.0823487860028633
96	29	0.049762315549363244
96	50	1.0328381763925234
96	67	2.0286070004425465
96	76	0.3894535742044281
96	80	0.8186709668333112
96	85	2.4030509451231774
96	96	3.2571905769862664
96	97	2.2676482269821125
96	98	2.902336747603855
96	110	0.7163912888277347
96	111	3.07755411261913
96	112	0.3965532239011736
96	114	3.819444280100846
96	115	3.3579766508223066
96	128	2.5064098194363367
96	134	1.945089569026858
96	248	1.9934731555213954
97	80	0.6553008873864985
97	81	1.8442783576108837
97	83	0.9811917008951863
97	96	0.1989173238607711
97	97	3.942862946842217
97	98	2.3589062838659034
97	113	1.9723812357390524
97	130	0.9014282599080604
97	131	1.1409854255065488
98	3	1.6757198130433948
98	43	1.9307786069238124
98	66	0.7875961946457867
98	82	0.45401592488157466
98	83	2.641721613370029
98	96	0.5248938108760565
98	97	5.051211640472364
98	98	2.0934361067875096
98	99	0.5867443004568093
98	113	5.311516120238118
98	114	8.858662654228443
98	115	7.699919251236428
98	160	6.396401969235818
98	211	5.3791579213408856
99	52	1.2394198774518947
99	67	5.2840461562615495
99	82	0.5439738554141132
99	83	3.052783423057903
99	84	7.165553887705407
99	98	7.360089043995706
99	99	5.264297045276935
99	100	5.650778906391349
99	108	5.452716774373945
99	113	6.1132788639845765
99	115	8.847770693415452
99	147	5.365083642228127
99	176	7.2034086355156495
99	195	0.5206318012902039
99	209	5.955702805207653
100	37	0.7126868706777647
100	50	0.9818136644225582
100	68	4.019862461819684
100	83	1.124608842165925
100	84	2.605009236822156
100	94	1.613279789906452
100	99	0.24982357697005003
100	100	5.454887431977905
100	101	1.8186490343921498
100	116	0.06981818295967328
100	121	0.018761821333585494
100	138	0.7971025889193911
100	245	1.5233305654586065
101	69	1.711247511455776
101	82	0.239933947292731
101	85	3.1342694510625004
101	100	2.555999004390805
101	101	0.7740620595158032
101	102	6.6008845537060115
101	117	1.0693134356053335
101	131	1.5441013427782435
101	165	2.637670481580081
102	65	0.48119708582555937
102	72	0.4525419549953723
102	86	0.30734352982973967
102	101	0.6057755759613241
102	102	2.9014207625801114
102	103	0.2297384633639962
102	118	0.1930042292079028
103	41	0.16856078915927447
103	83	0.10361288657805583
103	87	0.6301967260342611
103	102	0.8066713903120033
103	103	9.239059095031001
103	104	0.26480017011806434
103	117	0.07301889426185583
103	119	0.47264784685514616
103	120	0.00550990429666367
103	150	0.2625328986315891
103	169	0.11649163337872587
104	3	0.886089482404365
104	70	2.6344176537877186
104	72	1.8733636876952915
104	88	2.5080411924083954
104	103	0.9230730260911957
104	104	8.869969387615942
104	105	1.170742456292309
104	120	0.07953978742275052
104	122	0.8183659828521703
104	135	1.5639985113425936
104	176	3.328729274934074
104	187	2.035837362017941
105	10	0.4201406105582503
105	41	0.8319016249238496
105	73	1.156949619619792
105	87	1.5172530468178036
105	89	1.2178307961333013
105	90	0.908988471636769
105	93	2.735235805246471
105	104	1.5262948301901829
105	105	3.5655100444545216
105	106	0.2864456701188356
105	120	0.03183159389524993
105	121	0.009203706564154071
105	137	1.0337143502439274
105	157	0.35624058793431623
105	172	1.213363208822352
106	10	0.7300361222550382
106	18	0.28176851519525076
106	44	1.3445472603147517
106	73	2.023239346616119
106	89	2.1489263417272553
106	90	1.5829576822024267
106	105	0.8267310632759757
106	106	0.530594409458609
106	107	1.4554257926723964
106	122	0.5839541205180533
106	123	0.5282383442335457
107	28	0.8474604918662815
107	58	0.13439956086970478
107	91	0.9573556028098568
107	106	0.442899423865594
107	107	4.030730998460532
107	108	1.7730086635064517
107	123	0.4928606263780293
107	129	1.0010722646944314
108	76	0.20710705409418403
108	77	1.8306913904180167
108	92	1.0027196925317063
108	93	2.983524529297679
108	99	0.13932322460973018
108	107	0.9593121402458246
108	108	4.933527705167547
108	109	1.215304626112706
108	110	0.3783473757227979
108	111	1.6116750113641942
108	124	1.4061478516737485
108	127	0.9618827213706073
108	143	0.09493165543084317
108	156	0.43143020182351005
108	187	0.8913918726209206
109	18	0.27798129555689705
109	76	0.32433003213433265
109	93	4.507930617585878
109	108	1.8766803298004104
109	109	0.21253648505323852
109	110	0.6002154955297022
109	120	0.05538177450772749
109	125	2.7624556811665824
109	135	1.082586858534062
109	138	0.7012473468584459
109	182	0.9075169457569291
109	187	1.4244730945897606
110	28	2.165680041923895
110	62	5.252053834683984
110	90	3.7192805312372497
110	94	3.35753628444641
110	96	0.4725424200083842
110	108	4.249155720572006
110	109	3.98801079581977
110	110	0.46125706979980086
110	111	6.029414844590192
110	125	6.281351998040873
110	126	2.252057815513223
110	143	0.35206656453436536
110	156	1.6690481973584823
110	254	5.865928267400367
111	76	0.3786563486907642
111	94	1.6306401979887422
111	95	2.106788335105763
111	96	0.23440891828185523
111	108	2.2307821677903266
111	110	0.6786915291186124
111	111	0.8299668410970262
111	127	1.7345228101992916
111	143	0.1713792040120935
111	206	0.700581705814229
111	240	2.05917498445659
112	46	1.6528342338427655
112	76	0.42778866193645587
112	96	0.2630680075258179
112	112	9.162823883349116
112	113	2.6769744047535893
112	127	1.9763792964865023
112	128	2.6352735906390166
112	143	0.19665005680021913
112	144	5.013902390659371
112	171	0.7666589192135448
112	204	0.21280551110974236
112	243	3.2095650870577384
113	53	4.28418882356147
113	63	3.534537359922645
113	65	2.27340270864179
113	83	1.6154652691592037
113	97	3.0562262117510093
113	98	3.8471062619777348
113	99	0.3614092449960726
113	112	0.5385404247739262
113	113	6.937734768413511
113	114	5.36430624993905
113	129	1.5099938437904468
113	143	0.244215313811615
114	66	0.10068057716814517
114	83	0.31045236762184847
114	96	0.06473212617817051
114	98	0.7676002104288628
114	113	0.6703041707922233
114	114	6.66046572910356
114	115	1.0691114229702008
114	130	0.3152728151877244
115	52	0.9526971363117838
115	67	4.064641907545639
115	96	0.4747561547181041
115	98	5.604672604303906
115	99	0.5203041336539697
115	114	7.915544713396109
115	115	1.607987789000782
115	116	0.14215890028459938
115	126	2.2584735663728677
115	129	2.548310063455467
115	131	2.711390922779866
115	132	1.127574913703721
115	143	0.3530891873058316
115	192	2.5777997231905783
115	242	3.7131461207408707
116	18	0.39689505573510125
116	21	0.7260349828658247
116	67	2.4164892604436385
116	90	2.2232104940905657
116	100	3.6660397000675773
116	115	4.073061962786343
116	116	8.676282817179551
116	117	1.0991417291218173
116	130	1.2690434339446817
116	132	0.669213092560724
117	21	0.6187477834872667
117	54	2.510738943306871
117	65	1.6526995584783175
117	81	2.3100080724284906
117	101	1.96218124384679
117	103	0.7842084271681882
117	116	0.07303064470569902
117	117	8.872244916891582
117	118	0.637378084246363
117	122	0.6878736478822589
117	129	1.694605017867467
117	131	1.385921755056053
117	133	0.4982073251371217
117	134	1.9808575468099539
117	135	1.3562537100428054
117	163	1.7003085915687204
117	166	1.6325100849209144
117	212	6.801931176427436
117	238	1.374327771936804
118	102	0.6765509757579117
118	117	0.13454317203296348
118	118	3.2874062149914893
118	119	0.8050030432282744
118	120	0.005448626537175114
118	134	0.16132737986236598
118	137	0.21307923909062554
118	165	0.18378208098468748
119	83	1.873038816376744
119	103	1.2114283897372633
119	118	1.0312582443927591
119	119	4.365333650780632
119	120	0.10576101344792575
119	122	1.086810611304137
119	132	0.9002955262183996
119	135	2.08443763351145
119	142	3.513948975534077
119	150	3.2592396843453884
120	37	0.8569851990478949
120	44	1.8067041123549556
120	49	0.14422412135171375
120	53	3.5602239122488335
120	56	1.9698774798807948
120	72	1.7789345731711648
120	74	0.6574248312160135
120	86	1.2133166220486622
120	87	3.9030265029811355
120	94	1.9311536387412078
120	103	0.868941004076456
120	104	3.564709880610669
120	105	1.1173746806434082
120	109	2.267054082049329
120	118	0.7638655966217923
120	119	4.702909708951557
120	120	4.20992085554423
120	121	0.021736561030491177
120	122	0.7725239901651635
120	124	2.960049960362111
120	133	0.5705910708892169
120	134	2.209806642920411
120	135	1.5048953162245575
120	136	1.6985312661109722
120	137	2.488410058559865
120	139	0.4336807466871216
120	142	2.350261065579328
120	152	3.9873422863585515
120	153	2.6174572049783094
120	156	0.954172241056894
120	167	3.7137444169050617
120	168	2.0068766034227163
120	185	0.697756044560071
120	199	0.852642017746786
120	201	2.571844737656414
120	239	0.6381242278786411
120	243	3.254045106006592
121	89	3.1227951198900477
121	100	3.5857121267775387
121	105	1.2096267220160122
121	120	0.08139194989493986
121	121	6.909766425707206
121	122	0.8267913779584151
121	137	2.6643295909033693
121	150	2.6229751133769277
121	180	3.4546177481877236
121	248	2.4170368657024075
122	21	0.6183497954508862
122	26	0.1269466652961858
122	29	0.05035703442949484
122	43	0.8742775950087722
122	45	1.130635599911982
122	46	1.5355727235011878
122	76	0.39176482375998206
122	89	2.5900385190658906
122	104	3.1699371418481843
122	106	0.5851691339297835
122	117	0.9640106846755958
122	119	3.807630126690788
122	120	0.06734763339996651
122	121	0.019438526740291135
122	122	6.8631118501566
122	123	0.6478970836110034
122	138	0.8497309675018504
122	139	0.38719027332303907
122	140	1.7467221271056104
122	155	3.7908470581118885
122	156	0.8411037825878226
122	159	2.184498040846408
122	167	3.3009086269120806
122	170	0.612442197826958
122	171	0.7014350567607107
122	182	1.0989056012740037
122	198	0.8017080535888906
122	214	0.7425461645573695
123	90	0.2910153535000351
123	94	0.27554619460649526
123	106	0.10527248315764358
123	107	0.30333448867350143
123	122	0.11763885945019303
123	123	2.9890227508734557
123	124	0.42929738388161043
123	126	0.18574574108810943
123	138	0.1332514558189572
123	139	0.06117633812640166
123	156	0.14510311315272395
124	15	0.1285740313290674
124	60	2.7215192764141314
124	68	5.959141478232561
124	76	0.5667384426336769
124	80	1.1629416879462238
124	108	3.082089154207991
124	120	0.09667959572802894
124	123	0.9125932031564249
124	124	8.652387328271816
124	125	4.88465036526255
124	140	2.5100976449039707
124	171	1.0039182693617954
124	187	2.4660590031747915
125	109	0.37566470185932804
125	110	0.09537265080969726
125	124	0.2997285404405062
125	125	8.452730676019515
125	126	0.1361223883685615
125	135	0.19675583879373293
125	141	0.030127643206894136
126	18	0.3862410665773947
126	50	1.2062079162346573
126	65	1.8985256378056903
126	90	2.1732407918046803
126	95	2.5205721608255733
126	110	0.8293331017042529
126	115	4.037312646955314
126	123	0.738081736813973
126	125	3.6521628134925557
126	126	7.470090978914121
126	127	2.086146178129317
126	142	2.4833159010336883
126	143	0.20697488160754152
126	172	2.9106518100886833
126	174	0.7386014570160717
126	187	1.9800864057535854
126	191	0.5889343966834332
127	63	1.4417735323629957
127	77	1.9327129123703708
127	95	1.1867564941844688
127	108	1.2813172419926049
127	111	1.7235046806728656
127	112	0.2293112654970881
127	126	0.6372137839347882
127	127	7.680033055896126
127	128	1.3391387683836424
127	140	0.9937731584326551
127	143	0.10004462753681985
127	149	1.8670852046167243
128	83	1.9729724671154505
128	96	0.3911751699362279
128	112	0.6644291922247493
128	127	2.9764151895582804
128	128	3.028956987562429
128	129	2.296025318779613
128	143	0.2983979235922606
128	144	7.549847087406721
128	156	1.3990723723690923
128	159	3.5925808242487354
128	176	4.640368624988125
129	50	0.6249168425694794
129	76	0.2365171717720107
129	83	0.7158665016994943
129	94	1.0317679746901582
129	107	1.0745023843828072
129	113	1.4194324096498965
129	115	2.0812927082458197
129	117	0.545428052700232
129	128	1.5638506981087765
129	129	8.757344760990367
129	130	0.634880601640369
129	143	0.10734313423200152
129	145	1.5917938791557558
130	45	0.7001066085219928
130	82	0.14856330906519005
130	84	1.6784467030877512
130	86	0.6515070493835505
130	97	1.366964394145735
130	114	2.6504140721403604
130	116	0.04451683872892051
130	129	0.6623012338131216
130	130	3.1558912785212456
130	131	0.8341188645826351
130	146	5.087860452548035
130	161	2.2250324165917115
130	162	2.0084602905977773
130	172	1.5917286104975819
131	18	0.6168722366468066
131	52	0.8873962290942595
131	63	4.78501406736123
131	64	1.754095133192983
131	65	3.043401587749724
131	67	3.7774121876700955
131	97	4.17147331304856
131	101	3.5684842901208302
131	115	6.435890924411531
131	117	1.6985829134477073
131	130	1.977615409355008
131	131	0.1670084445194886
131	132	1.0537257322890832
131	147	3.6716720908464184
131	148	2.234663996632383
131	149	6.252091685055566
131	157	1.2754436381595438
131	159	3.9993803860794888
131	160	5.292325784979584
131	162	5.799050844873302
131	178	5.962581437159072
131	195	0.37454457499172045
132	77	1.9118510099347272
132	83	0.6597797233232922
132	115	1.955372433454866
132	116	0.04192797957026859
132	119	2.285419211523969
132	131	0.7542765407010098
132	132	5.608915131278072
132	133	0.2788117930595387
132	134	1.0757123848136945
132	135	0.7448621252004082
132	139	0.21100449111892106
132	148	0.6779051576590022
132	150	1.2672988335118383
132	196	1.7250016648931197
133	117	0.7939533650303899
133	120	0.05876119641229913
133	132	0.507923510871236
133	133	3.0062405041621276
133	134	1.7325338787675948
133	138	0.7465415896138702
133	149	2.9766216661925924
133	150	1.891934350233213
133	165	2.0637585040369206
133	171	0.6211915840414733
134	96	0.3164881322138741
134	117	1.235384461773844
134	118	0.8007553294330603
134	120	0.08814196554368293
134	132	0.7521209929657815
134	133	0.6711071309996381
134	134	7.480459212395654
134	135	1.738553761184541
134	136	2.0048271238678277
134	138	1.1191856125614228
134	147	2.8429319561955606
134	150	2.796553038776629
134	166	2.154239373248921
134	186	5.00162062663929
135	76	1.3395399844212594
135	104	10.77625660694395
135	109	6.792524085259815
135	117	3.142954329735844
135	119	13.200292476986352
135	120	0.22999813549134124
135	125	10.874142061454007
135	132	1.9197671894599357
135	134	6.727153483897641
135	135	2.9469115613967922
135	136	5.152003086451951
135	148	4.184911258615287
135	151	0.11682224532505478
135	169	4.790831915558316
135	171	2.3988470212535846
135	173	6.916562537835992
135	174	2.1785472648153275
135	182	3.7226373409644364
135	197	3.9599795330327625
135	201	7.681654853450418
136	120	0.05074668944389598
136	134	1.4894348737993546
136	135	1.014781618417429
136	136	8.98525310079569
136	137	1.6844364193937726
136	140	1.3387636364618782
136	142	1.633870956043972
136	150	1.6112231146715366
136	152	2.706185044687355
136	156	0.6305246289663959
136	249	0.9729623972374111
137	105	0.20548633784152393
137	118	0.1143308671884605
137	120	0.013053019558318868
137	121	0.0040351103813980075
137	136	0.3365750825025038
137	137	1.7263261499368376
137	138	0.16914826175410977
137	143	0.03569219055310148
137	150	0.5369835095981871
137	153	0.6069090155498212
138	10	3.0356376520107453
138	36	5.685455317425522
138	59	2.155918193515057
138	89	8.877451162783608
138	90	6.489173332087981
138	100	8.029367441050839
138	109	6.833309074880301
138	122	2.362418236296328
138	123	2.2051008862282795
138	133	1.716415610112865
138	134	6.797493530038003
138	137	7.570781078236104
138	138	1.6215578137719289
138	139	1.3228929225447261
138	141	0.8793962065926643
138	142	7.4061622416586745
138	153	8.007054064752579
138	154	8.542437339503506
138	156	2.885385015257047
138	157	2.4207740393278265
138	158	7.269195007255147
138	169	4.828306668811231
138	170	2.0858965320156937
138	171	2.413344736854613
138	174	2.1970886030149903
138	187	5.936262084775239
138	208	3.9412993799923823
138	237	12.210878056941985
138	250	3.4262646104646133
139	36	0.8080365431518901
139	76	0.18146126408214996
139	120	0.03073065179730855
139	122	0.3283155904172325
139	123	0.29860468141691654
139	132	0.2760510979322094
139	138	0.3838488070445622
139	139	8.951777224638267
139	140	0.8034762853758168
139	155	1.7030470827675512
139	171	0.3219312033937902
139	205	3.1400796975692042
140	73	4.410642920460939
140	122	1.258537685719152
140	124	4.8473953768778335
140	127	3.2986185051543577
140	136	2.7727513902561967
140	139	0.7016871858367385
140	140	4.4121718742770835
140	141	0.46931996026254674
140	143	0.32719603137643827
140	156	1.5513202334287972
140	196	5.646796879297289
140	198	1.487979667390941
140	220	0.6694118552385395
140	240	3.932000851762603
140	249	2.393416172798483
141	3	0.7147407609017159
141	46	1.4497106640193438
141	90	1.8020223611099075
141	125	3.2571407320366945
141	138	0.8081128631637178
141	140	1.6904262138882027
141	141	6.544624692198145
141	142	2.1381155476621445
141	156	0.7954844246641072
141	157	0.7107501288822727
141	166	1.5465084590174072
141	171	0.6717962074356622
141	173	2.058913636702631
142	5	2.925655487031429
142	119	4.868027208840722
142	120	0.08227766679555643
142	126	1.4043577860910286
142	136	1.8335953158257823
142	138	1.0366257714494735
142	141	0.31191240195977377
142	142	8.592039142564884
142	143	0.21857792771533466
142	148	1.4822420996923287
142	158	2.682891221433513
142	182	1.3269014168466273
142	185	0.7626075449588062
142	199	0.9345664196861537
142	223	1.7584672969277773
143	19	3.5809498370704165
143	30	2.048404873158605
143	48	2.1561892215418417
143	75	4.544577020464222
143	78	4.138787643779602
143	81	3.9022215733072576
143	108	3.95405301625427
143	110	1.2522214521817654
143	111	5.466427759304208
143	112	0.7076590847369285
143	113	4.273896701175519
143	115	6.0374689325174815
143	126	2.0170460185656234
143	127	3.194792039871893
143	128	4.319893887197778
143	129	2.3436069493249776
143	137	3.8599693517497866
143	140	3.1506544127534233
143	142	3.836797134476873
143	143	5.950981317849352
143	144	8.184301514237507
143	145	4.327886903404228
143	157	1.2701424437421251
143	158	3.835836450606631
143	159	3.8581073868520535
143	174	1.123260182761864
143	175	6.269781158468074
143	176	4.957909833539745
143	191	0.9033120975982608
143	216	4.455014241220721
143	220	0.6511169361519372
143	221	0.9369212955498284
143	222	6.441894995232477
143	234	1.9078688395629229
143	255	4.02682573580517
144	67	0.9075585147552844
144	112	0.18999342256948815
144	128	1.1132834407316219
144	143	0.07752117091162689
144	144	0.7578923887004574
144	145	1.2271470970104446
144	156	0.3794452605335725
144	159	0.9476546199517624
144	160	1.2622818715274273
144	161	1.5283963642127139
144	224	0.1919196948180707
145	3	0.5207388175882675
145	129	0.9619805530286144
145	143	0.12255867003082536
145	144	3.226089181071952
145	145	8.376561684485399
145	146	5.396295064794626
145	156	0.594643421569395
145	161	2.3941899444445527
145	164	1.3551946432047661
145	174	0.44063539479865166
145	176	1.9322114193570847
146	130	0.7130828718151824
146	145	1.7730879845545375
146	146	8.258648538490776
146	147	2.0613724877951087
146	160	1.945739966864526
146	162	2.651117954135356
147	31	2.6919157153686086
147	66	0.6788824906243343
147	76	0.7443049238511411
147	99	0.5051284822831628
147	131	2.6142860635334557
147	134	3.7545634088225306
147	146	14.015857599543901
147	147	6.028302464038821
147	148	2.309870496800072
147	163	3.1453618719057816
147	200	10.258690633937164
148	3	1.0812694015322812
148	131	1.9693969918965955
148	132	0.82233834164418
148	135	1.8557758986389874
148	142	3.085901798892391
148	147	3.3675907802756777
148	148	8.113036776341197
148	149	4.910187785395478
148	153	3.3192255527150594
148	161	5.007632550332203
148	164	2.7139008136079594
148	166	2.2860362576755437
148	182	1.5497286931460015
149	59	0.6304574148971369
149	67	2.09700173432176
149	127	1.841886924841189
149	131	1.3955986059565713
149	133	0.503990173966408
149	148	1.2419002353641033
149	149	3.8128277968788202
149	150	2.2317724624971724
149	165	2.3825116521933523
149	187	1.7509113220540564
150	28	1.106886567541049
150	55	0.01822468345941945
150	60	1.899250104529398
150	83	1.1992962842982684
150	87	3.5064815111388676
150	103	0.7736477736025601
150	119	4.320330146471204
150	121	0.01985659132029239
150	132	0.5859407425246411
150	133	0.500911228498261
150	134	1.9706237203259382
150	136	1.555760441571425
150	137	2.2094146494656277
150	149	3.4315692410135576
150	150	9.686415076867013
150	151	0.03395815061811906
150	165	2.3568326072372376
150	166	1.6576221456011775
150	183	1.6634953641593038
150	187	1.7299579574433286
150	193	5.396589240810249
150	199	0.7635658759506951
150	214	0.7408213319001072
150	248	2.0100019755410994
150	250	0.9918288675659812
151	135	0.10886339675781972
151	150	0.26985827401915125
151	151	0.18723156403161023
151	152	0.28865524688637756
151	166	0.12984479982351516
151	167	0.2501451473504299
152	120	0.01628658951339613
152	136	0.4025645240525597
152	151	0.008692959060338198
152	152	9.661401481516362
152	153	0.6753955312260982
152	165	0.5620366828062731
152	168	0.490687667215616
152	199	0.19004132915921304
152	217	0.17199147286565408
153	86	0.8835298472370878
153	120	0.05586603845236308
153	137	1.8442095118199895
153	138	0.7052724204654945
153	148	1.005331912986703
153	152	2.9692261963166042
153	153	1.051957158471627
153	154	2.098610965472551
153	160	2.3929819387108378
153	169	1.1623346050868097
154	10	1.1091812701330612
154	46	1.8907754719781553
154	138	1.0699608079527416
154	153	2.906056231172389
154	154	4.95300718409592
154	155	4.737509072425579
154	156	1.0502666226635404
154	170	0.7625809957788577
154	171	0.8905175049934447
154	254	3.728063690168086
155	49	0.044863559647107976
155	122	0.23462009155357014
155	139	0.14039769655618406
155	154	0.875787732018951
155	155	5.355597712314426
155	156	0.307885211532245
155	171	0.24527540475790205
155	173	0.7807781986434069
156	2	0.2833263546192293
156	8	0.2687196462482597
156	55	0.0019404474316709426
156	68	0.48534235454322155
156	76	0.04532252983378342
156	94	0.19244486878871517
156	108	0.23738722990255517
156	110	0.08441699985034272
156	120	0.006921704377290252
156	122	0.09004608040644153
156	123	0.07567816174902699
156	128	0.3043979231237115
156	136	0.17638030146846215
156	138	0.09239871899699614
156	140	0.23384073917855772
156	141	0.02672642027751252
156	144	0.5455987035986752
156	145	0.5061652529795483
156	154	0.2631458732519123
156	155	0.40760264203667135
156	156	8.7696680976879
156	157	0.07516929784433632
156	158	0.29207413844087915
156	159	0.24128651023401515
156	170	0.0607702301454241
156	171	0.0808198596292784
156	172	0.3371331313590567
156	175	0.42906005160815003
156	186	0.45976479939319403
156	188	1.3005065617688734
156	193	0.6474196009158931
156	203	0.1412473209225194
156	209	0.24024804748256398
156	216	0.35355389510746854
156	234	0.1144339812341753
156	250	0.10633599172615188
157	89	1.2812656229227817
157	105	0.4935351022490691
157	131	0.6833134574729921
157	138	0.4174888867514117
157	141	0.1265451071502964
157	143	0.08846860671675881
157	156	0.41178195708747084
157	157	9.014206067441663
157	158	1.0429498477248333
157	160	1.4255433949864784
157	173	1.2075432470608563
158	25	1.6322328531684724
158	94	2.4332035745050775
158	138	1.208595133098964
158	142	3.000388293612767
158	143	0.2555846357975438
158	156	1.1984596179700366
158	157	1.014306058801838
158	158	2.652355100230782
158	159	3.1053887196638486
158	174	0.9092431917561267
159	63	0.7453513321024212
159	81	0.6362113224564905
159	122	0.19617457233871846
159	128	0.6953891950030137
159	131	0.3833773898738175
159	143	0.0495382420257147
159	144	1.2829882053777473
159	156	0.26072162933247933
159	158	0.6075443608117088
159	159	4.2920557251700515
159	171	0.20198896838730565
159	175	1.0238357451215885
159	254	0.8312489262635586
160	18	0.37857708988375943
160	83	1.3529524126381887
160	98	3.2162706045745955
160	131	1.5761427666800436
160	144	5.354710026237712
160	146	8.173018641024298
160	153	2.5960000566657366
160	157	0.7917734620187166
160	160	4.709874338277212
160	161	4.05956043483456
160	171	0.8038217138829236
160	174	0.7248617138251567
160	175	4.1154970818953975
160	176	3.2022605119138365
160	178	3.4772347711764287
160	190	8.193557619972484
160	206	0.829986264146038
161	130	0.324054936691619
161	144	1.4043567658092826
161	145	0.7184841229507067
161	148	0.3292901971441937
161	160	0.7882832956833521
161	161	1.5192069176665113
161	162	1.4577205454782303
161	171	0.1971171789611055
161	177	2.74849126827981
161	198	0.2302129633532826
162	15	0.08250358087839738
162	95	1.9985743156235793
162	130	0.9993853684383366
162	131	1.2608914019196464
162	146	6.506140857301809
162	161	3.1571273818274075
162	162	9.351373905797217
162	163	1.5191834310274337
162	165	2.1626435345141903
162	177	8.366286383802276
162	178	3.281221095008189
163	117	1.0804498589184484
163	147	3.1482743291665503
163	162	3.958914182806785
163	163	4.329589475886086
163	164	2.193561355107915
163	179	2.349850409189382
163	182	1.2528412867340921
163	192	1.4990371768027189
164	145	0.7759198885544889
164	148	0.3230868865287631
164	163	0.4253540780400856
164	164	2.803147495505822
164	165	0.6004631949219325
164	166	0.47071765579088115
164	180	0.7543277313655228
165	84	9.570380923823857
165	101	6.654114468288458
165	118	2.0473326058758547
165	133	1.7163535202300944
165	149	11.679743335730176
165	150	7.153131060032415
165	152	12.25962012627603
165	162	10.629294778375884
165	164	6.587855033990594
165	165	9.638793856945155
165	166	5.519105517054175
165	167	11.267210456776112
165	179	4.785787779579086
165	180	9.717120459566578
165	181	0.5216874366596221
165	182	3.7336140280298973
165	187	5.906096444095442
165	195	0.6985538188243712
165	196	10.539673621934703
165	197	3.961344644245114
165	198	2.7560768824450927
165	207	0.4827360578183516
165	214	2.5293681291179935
165	215	8.50419977964098
165	217	1.9742096725585723
165	222	12.321570721634096
165	227	2.781759191762823
165	243	9.889317961123945
166	117	1.0263777286452633
166	134	2.130825148189846
166	141	0.27787010530940154
166	148	1.315148250169748
166	150	2.315058550857174
166	151	0.037195337433377676
166	164	2.051664778296635
166	165	2.533591373220162
166	166	3.128862660282943
166	167	3.5721328404839277
166	182	1.1845051733309755
166	185	0.6763406286760457
166	198	0.8655724503353325
167	26	0.15353844501037864
167	120	0.0815276027641615
167	122	0.8321427921112973
167	151	0.04205715123271044
167	165	2.8641160998547104
167	166	1.9579908123412673
167	167	9.535796985891032
167	168	2.2150886283177766
167	170	0.7326428460275408
167	183	1.9993025409963405
167	184	0.017664579939260055
167	199	0.9269235016560846
167	200	6.571978872752647
167	205	8.334189336238234
167	235	1.389889751675326
168	72	0.4761080841871865
168	120	0.02013438331208039
168	152	1.1807846097676684
168	167	0.99569808185046
168	168	3.728645189183597
168	169	0.4203336795903207
168	170	0.1826347059723994
168	184	0.004201643248208828
169	103	1.5405860470920438
169	135	2.614018335652418
169	138	1.710617448996203
169	153	4.703446596571976
169	168	3.5878942223643753
169	169	6.293127326824002
169	170	1.223242114355302
169	171	1.4077131498276614
169	182	2.187973758188264
169	185	1.2521714447776886
169	187	3.456289991940929
169	199	1.539345946681875
169	214	1.4873037188667948
169	250	1.998404522029382
170	57	1.5456298788432123
170	122	0.277729250917614
170	138	0.34377022173517324
170	154	1.0036392140323447
170	156	0.36542894583751284
170	167	1.4172096404428018
170	168	0.7537047565308669
170	169	0.5771251511485482
170	170	4.745719065525854
170	171	0.2945158132441667
170	186	1.6066280323568223
170	234	0.47971866698866494
170	249	0.5542273519266573
171	5	8.014522345932702
171	10	3.046251008431886
171	86	3.7189203617716697
171	112	1.3737135315127391
171	122	2.377562694461879
171	124	9.161037899007741
171	133	1.7143601373553656
171	135	4.538499683641601
171	138	2.93940703842337
171	139	1.3180171644781271
171	141	0.8849935387897109
171	154	8.606602340872156
171	155	13.066799966696335
171	156	2.8916065620552245
171	159	7.522158001058063
171	160	9.983240387769468
171	161	12.045829190896722
171	169	4.843869214428764
171	170	2.1001264750945423
171	171	3.3708262102024156
171	172	8.74966101811974
171	173	7.253472292937709
171	174	2.2107633220838543
171	186	11.965592868317959
171	187	5.9514667063929885
171	188	7.826668069988047
171	189	9.64499580038819
171	191	1.7314531154675021
171	202	6.712243239642641
171	203	3.8797139665077642
171	209	8.043168013903546
171	225	2.1050111910856795
172	105	1.0631567377621909
172	126	1.2286267618468056
172	130	1.1463152170571946
172	156	0.9061019208845704
172	171	0.7529368019086422
172	172	3.0772139898337025
172	173	2.4148611459880276
172	188	3.157683749806275
172	237	3.834605282893403
173	82	0.06464556764315907
173	135	0.4131735526553699
173	141	0.07900773485529476
173	155	1.1721296409590884
173	157	0.25179115151389364
173	171	0.21328405573024106
173	172	0.7719498255355215
173	173	7.547400043261762
173	174	0.19266711347941967
173	175	1.1764250633428859
173	189	0.9089498808454607
173	207	0.04397861008267436
174	126	1.1120847831722516
174	135	1.2603140694795745
174	138	0.8223901051782109
174	143	0.17383199459601836
174	145	2.565822676656892
174	158	2.109645700480298
174	160	2.7998183549977997
174	171	0.6784400040067311
174	173	2.0115888779970126
174	174	8.912072437563161
174	175	3.540311494012346
174	185	0.6234322912863928
174	188	2.0622291579079324
174	190	6.997934431848357
174	212	6.5078641760225375
175	31	0.34145949147749427
175	143	0.04243526849997523
175	156	0.21520794743299893
175	159	0.5047193032646831
175	160	0.6745821779719402
175	173	0.5143457347750391
175	174	0.15307533553543543
175	175	5.233761749360078
175	182	0.25536771369377703
175	191	0.11837201000394901
176	0	1.6519070739900983
176	2	3.026510326821064
176	99	0.3127353805507284
176	104	3.6991235355024266
176	128	2.8808029555567902
176	143	0.21279856110201792
176	145	3.059305453789558
176	160	3.3804802955597673
176	176	7.92004051197074
176	177	10.517679795988158
176	182	1.3061569228295864
176	191	0.602716698399828
176	192	1.5457216283038722
176	194	5.184409017320035
176	239	0.6631029599554936
177	161	0.2983974736044684
177	162	0.6366547645086356
177	176	0.13347999691025317
177	177	3.3388644929336078
177	178	0.6767983848845015
177	193	0.24066906280323822
178	131	1.9153956843920468
178	160	4.001861865658594
178	162	4.698449361878251
178	177	12.652528034657596
178	178	5.313209202585105
178	179	1.8184187118677049
178	182	1.5322665938912077
178	194	5.817439436628845
178	197	1.6160415585256045
178	206	1.0129459302929527
178	240	2.993560998619878
179	13	2.0108879256300405
179	43	1.1631843847345276
179	163	2.2375081477778167
179	165	3.1571060472016774
179	178	3.98725548192901
179	179	3.8427441182174804
179	180	3.8174711239395953
179	182	1.4715598750503436
179	195	0.2812436200967197
180	121	0.021510870971946983
180	164	2.0570502480469863
180	165	2.5362068057392784
180	179	2.2146585268851187
180	180	3.6751565427054524
180	181	0.16500210567450868
180	187	1.8434207691187745
180	196	3.321154474892238
180	198	0.8751253811623845
181	10	0.3442448051208726
181	165	0.9101342019527209
181	180	1.1489424799494865
181	181	3.069160681749085
181	182	0.43705667444106966
181	197	0.4447133613728611
181	198	0.3308231607749662
181	199	0.2992756855637616
181	213	2.556051351600056
181	215	0.9840907286496198
181	247	1.102548721152643
182	18	1.4145576587706568
182	38	5.599396387141407
182	69	6.5058293331155745
182	86	4.568013201554183
182	109	8.458878288127973
182	122	2.921800636799684
182	135	5.5367645220455195
182	142	9.071797742629983
182	148	5.197951695871593
182	163	7.056976373957094
182	165	10.011795197448633
182	166	6.845146688639362
182	169	5.943337746170428
182	175	15.089764376103878
182	176	11.9376547568428
182	178	12.388389626480388
182	179	2.43061130030681
182	181	0.6481317447420109
182	182	3.8979385321153694
182	183	6.984525055171755
182	185	2.652016887344238
182	198	3.420552535495883
182	199	3.2459654724258584
182	202	8.268312788290437
182	203	4.736745660790189
182	210	5.81427813886793
182	214	3.1349389088731323
182	216	10.778282159623956
182	224	1.8350548537893792
182	226	6.813339507015958
182	232	5.341811262606338
182	245	6.877114921450009
182	246	3.257686835407471
183	150	2.4083592955472
183	167	3.73023712313782
183	182	1.2405370374334497
183	183	1.5365232581781896
183	184	0.01632866568113357
183	199	0.8641719099627583
183	204	0.22376059797678194
184	18	0.11394092318046
184	167	1.1027239428935696
184	168	0.6411249828090045
184	183	0.5981179924627424
184	184	8.758943038237748
184	185	0.23358435687485304
184	200	1.9178382983355322
185	120	0.127998553268138
185	142	3.9842307667579124
185	166	3.0958995306819377
185	169	2.669938710475217
185	174	1.2213237342530467
185	182	2.070584701891262
185	184	0.02620586403784815
185	185	2.6364975967409574
185	186	6.591545432819372
185	201	4.3340963801365
185	227	1.554590445793502
185	234	2.0731779486418134
185	235	2.2462873276365976
186	13	2.1400082083459613
186	134	2.831675647801099
186	156	1.2015105884302653
186	170	0.8692174320376965
186	171	0.9989916705444198
186	185	0.8999526075519106
186	186	2.639445616101667
186	187	2.454406691533779
186	202	2.7667544314289514
186	211	3.471227893732266
186	217	0.8354040208919812
186	249	1.8490991096207736
186	250	1.4223690906655044
187	72	4.069944199242819
187	104	8.156831957236772
187	108	5.5478665909721006
187	109	5.173734912072227
187	124	6.851994777927137
187	126	2.966191090309236
187	138	2.20374331861547
187	149	8.850389079141735
187	150	5.351065430178639
187	165	6.100153370244774
187	169	3.6315810555999453
187	171	1.8206757278819201
187	180	7.397579658685516
187	186	9.185130536591133
187	187	2.71934574035276
187	188	5.575331579388425
187	197	3.0101420537201258
187	202	5.011468331278168
187	203	2.884028594285645
187	219	7.368836310235272
187	220	0.9461245070447858
187	236	2.8258005207525003
188	156	0.7204972632239308
188	171	0.5829702587576716
188	172	2.1632813095294767
188	174	0.5355501368937513
188	187	1.4415682388063327
188	188	4.679276785792742
188	189	2.317565445740725
188	204	0.1640615818866079
188	215	2.059885921342755
188	234	0.9074611538316105
188	254	2.5058704020499687
189	91	0.8249683788808553
189	171	0.45209603962436606
189	173	1.4694123312588043
189	188	2.990895766718697
189	189	6.7434657326247835
189	190	4.5661210972967226
189	205	4.389374132941257
189	238	0.8970350389409771
190	160	0.2541335213697068
190	174	0.0542607026762131
190	189	0.25876421291569923
190	190	0.9013436029904853
190	191	0.04564208944143601
190	206	0.06893557145952514
191	46	2.6217161997752605
191	126	1.9934630072771655
191	143	0.310825439207759
191	171	1.2249061688140255
191	175	6.177668707418669
191	176	4.84808708515037
191	190	12.598911125410485
191	191	1.9129191780785737
191	192	2.270038226626816
191	207	0.24628962739365445
191	220	0.6395925829443844
191	238	2.388561339133565
192	64	1.5445453597282752
192	115	5.575857718054746
192	163	2.6997278668247224
192	176	4.606523045998758
192	191	0.8401784343461363
192	192	6.933824030971793
192	193	8.867430347596548
192	207	0.23081441485577894
192	208	1.9227261981493677
192	232	2.070190417446319
193	150	0.7573418732677398
193	156	0.30477910462863356
193	177	3.209812827207792
193	192	0.45607383496920667
193	193	8.04165215934374
193	194	1.4934440457363691
193	209	0.811241065258028
193	237	1.3219383089580827
193	240	0.7351851095024892
194	1	1.0031772672911017
194	176	4.185166963876125
194	178	4.811031518260126
194	193	8.10834440421405
194	194	5.004872669669887
194	195	0.3133133071868974
194	210	2.064482616771411
194	215	3.6934094344848556
194	235	1.732747856768501
195	89	3.175856080595965
195	99	0.32533914845850914
195	131	1.688759719471907
195	165	2.8812386390879947
195	179	3.1791186987907865
195	194	5.584204730274137
195	195	5.487260365789046
195	196	3.7751504880645634
195	211	2.9564906892304537
195	215	3.081851713381562
196	55	0.01997577439681432
196	132	0.6269822840581158
196	140	1.9227636781021613
196	165	2.5735460825661045
196	180	3.1234535865141573
196	195	0.2226767011117254
196	196	6.906005054346846
196	197	1.28831440842579
196	200	5.83345851700239
196	211	2.6349107745394225
196	212	7.4862207570105985
197	18	0.09040475353000538
197	135	0.38476813026013257
197	165	0.6261549133937695
197	178	1.3403516112907323
197	181	0.04250618935980212
197	187	0.4612041005152019
197	196	0.9026876973300949
197	197	8.23654035013862
197	198	0.2273489339076778
197	213	1.6966508005396488
198	3	0.37048331011938695
198	122	0.3381590904559034
198	140	0.8527361574263134
198	161	1.6759721609284457
198	165	1.1550549202711058
198	166	0.7831029081878857
198	180	1.393084101589109
198	181	0.0770297236567503
198	182	0.5358197046373007
198	197	0.5673417628193187
198	198	1.6888016938979356
198	199	0.3808967100006124
198	214	0.36078863782688975
198	215	1.2283346286806558
198	245	0.819314153418431
199	21	1.0057166109052524
199	73	3.933829417627
199	120	0.10963798693925071
199	142	3.4278195195721315
199	150	3.4856624907028935
199	152	5.815097161920539
199	167	5.342292511737625
199	169	2.2827466374212833
199	181	0.2494121529369893
199	182	1.7900679682202203
199	183	2.699867223011132
199	198	1.3178331442047038
199	199	4.964960024606841
199	200	8.708744281976172
199	215	4.052360106009509
199	247	4.68892855184339
200	54	3.479337476620121
200	147	2.848159661175037
200	167	4.528547710035051
200	184	0.02034639648953397
200	196	4.280017135654097
200	199	1.0593003614844256
200	200	4.607885465978724
200	201	3.167876843260407
200	202	2.719962565026429
200	216	3.6660750779671774
201	120	0.06392540729062561
201	135	1.2468609449534285
201	185	0.6096644147895534
201	200	5.072556135152859
201	201	7.764205524554538
201	202	1.868381239625907
201	215	2.3511909935435185
201	217	0.5712434412716423
201	244	3.317416839180966
201	249	1.2839292650148355
202	10	0.39560983152880963
202	171	0.3113692394870414
202	182	0.4959336376677904
202	186	1.6854401021427088
202	187	0.7737470431257985
202	200	2.418203741161056
202	201	0.9885942744439635
202	202	0.5366093516839121
202	203	0.4917200665432887
202	218	0.7972905766320859
203	10	0.21567030529068323
203	26	0.0317609062638713
203	156	0.20212742249781412
203	171	0.17108422787713404
203	182	0.26720080826578435
203	187	0.4230329157998891
203	202	0.4986834706877553
203	203	9.45469916866977
203	204	0.04865911301179533
203	219	0.6966982261228896
203	235	0.28316136745363385
203	249	0.4141626925390241
204	9	1.0826015312405275
204	11	0.6375606123462698
204	12	1.4868926338762012
204	14	3.3837166382258164
204	28	0.8271140990836204
204	76	0.29363093430337245
204	112	0.3081012037526828
204	183	1.2208578285763438
204	188	2.6537770007094763
204	203	0.8596181416902301
204	204	1.6523348879089417
204	205	5.2622228827979285
204	220	0.27269300104489463
204	221	0.40073831884170363
204	239	0.4237727035907799
204	253	1.8566972039315874
205	139	0.4367581640695754
205	167	3.6403562761829136
205	189	3.1730501505337076
205	204	0.21809425616101139
205	205	0.2681481144697706
205	206	0.8170415731311064
205	221	0.5903101696039069
206	1	0.065676956263308
206	64	0.08034225977605958
206	111	0.20275780857696846
206	160	0.19868501324846718
206	178	0.7441820457911202
206	190	0.5780867267821016
206	205	0.5481909326765503
206	206	4.145803298206942
206	207	0.010805456922713307
206	209	0.14936945342711344
206	222	0.3184468220713763
206	223	0.10004596243025014
207	165	3.1360619153956066
207	173	2.8607295531809145
207	191	0.6729106188970917
207	192	1.7649805268428471
207	206	0.9718370051933353
207	207	7.2875373161098045
207	223	1.9334414900303796
207	240	2.8820971915059936
207	255	3.3969978524579014
208	138	0.34271549737500245
208	192	0.5323646415702392
208	208	2.688385806487833
208	209	0.952564058019894
208	223	0.5932926890387384
208	224	0.1753928266619464
209	2	1.5826518826544838
209	99	0.15582298227846209
209	156	0.5173335564642163
209	171	0.42284759827124496
209	193	3.2035195116901276
209	206	0.4406568137106949
209	208	0.7051507642521925
209	209	8.683763218131771
209	210	0.824911160510294
209	211	1.4483415329916656
209	225	0.3618954433165126
209	226	0.9659398567945807
209	235	0.7138422642644466
210	17	0.7411452443938772
210	182	0.2461512862560695
210	194	0.9302498284018229
210	209	0.5189571878918883
210	210	4.998801188043047
210	211	0.5305261443873628
210	226	0.33829025666424023
211	3	0.9372906820839197
211	35	1.3817870618782737
211	98	3.6019965138360526
211	186	4.518242850835184
211	195	0.25604892903394433
211	196	3.868188740800278
211	209	2.8968713990000277
211	210	1.7340097689426452
211	211	5.577385590153029
211	212	8.171812265295955
211	215	3.099081384404761
211	222	4.605225757490191
211	227	1.0217236491466228
211	228	2.8544291072381234
211	234	1.3354784003058726
212	117	0.9229843665700046
212	174	0.6312157669949481
212	196	2.9873325968760853
212	211	2.3603857525212226
212	212	8.77627201575791
212	213	6.533098324369008
212	228	2.1465729294330047
213	4	0.3289710954925103
213	52	0.4881311853583048
213	181	0.15389433326468296
213	197	1.1657640021518436
213	212	6.7529594505154815
213	213	9.486309238500638
213	214	0.7469609240226994
213	229	2.983016824326089
214	2	5.732512276047826
214	20	5.876108344724818
214	21	1.3640781949980099
214	55	0.040245628269890914
214	122	1.5066876070005528
214	150	4.609669079950061
214	165	5.196417581468654
214	169	3.0979295519396417
214	182	2.4240391269887165
214	198	1.769429524107115
214	213	14.26226049034662
214	214	7.9901292995966235
214	215	5.507988034548702
214	216	5.649882005173228
214	221	1.1698251056699025
214	229	6.259318203356973
214	230	3.023924599490223
214	233	5.233041217066478
214	239	1.242382345295606
215	8	3.37965556407273
215	10	1.1906116367582869
215	41	2.3836872751543052
215	52	0.6515865566462885
215	71	0.6636556460225275
215	165	3.1842697819949666
215	181	0.20791767377007075
215	188	4.052231017873425
215	194	5.969090124618933
215	195	0.2828116673845396
215	198	1.1090786793428724
215	199	1.0358102797125062
215	201	3.074817320647879
215	211	3.2529627197781528
215	214	0.9994500373020746
215	215	1.2277894399625955
215	216	3.4909851205730322
215	218	2.323374429235563
215	231	3.4060428270824135
215	232	1.7161196429013248
215	233	3.2428011233385536
215	247	3.90987505841112
216	143	0.06598216378032455
216	156	0.32163288355023684
216	182	0.3924800627122886
216	200	2.0247874635038303
216	214	0.2721718008537022
216	215	0.8894956274823522
216	216	6.912370435692802
216	217	0.2210074912198085
216	232	0.47136339975803115
216	248	0.7668354640397312
217	152	0.8413869446833722
217	165	0.5414323407033905
217	186	1.1762369599423461
217	201	0.54233867805725
217	216	0.649607577556435
217	217	1.6291721553678506
217	218	0.4069393834193271
217	233	0.5391844271122694
218	14	5.186645222101318
218	202	2.2278727992293113
218	215	2.8747639716363067
218	217	0.7232606610131691
218	218	3.2965274981201054
218	219	3.28899086490228
218	234	1.2337067975513551
218	235	1.3819272301550816
219	31	1.163158004452601
219	43	0.7141975224371158
219	187	1.4014240683701473
219	203	0.9286924465949008
219	218	1.3688333378669884
219	219	4.553920673619784
219	220	0.3009004638326962
219	221	0.4383213951800762
219	235	0.9447526287018935
219	252	2.2438658618754537
220	28	0.07558420944390491
220	55	0.001156990753639815
220	140	0.14001932393879538
220	143	0.011536961190662534
220	187	0.10770229316123153
220	191	0.05440027187477588
220	204	0.01344930983304173
220	219	0.20223175615116334
220	220	8.979446352876359
220	221	0.03957094636995596
220	235	0.1421472184468116
220	236	0.07514210043652292
220	252	0.2620151849271243
220	254	0.21323675759479988
221	2	4.962098052168202
221	13	2.860973939475545
221	28	2.0978954389794624
221	45	2.1576861335344635
221	50	1.9929885065960102
221	143	0.343906759723594
221	204	0.37281967293323726
221	205	12.9146605339956
221	214	1.409994560126238
221	219	5.467006451452439
221	220	0.703069127344301
221	221	9.341028807805326
221	222	6.936165327630651
221	223	2.761632628520641
221	237	6.804832485808583
222	143	0.1221763735713906
222	165	1.5808436489042774
222	206	0.4939284505515375
222	211	1.6274367710308466
222	221	0.3562594302779648
222	222	4.001792383545868
222	223	0.9994134724927392
222	238	0.934800612624773
223	30	1.3841814223658215
223	31	1.696860605572018
223	39	2.9658715425901954
223	81	2.732477183429182
223	142	2.4879429065040997
223	206	0.8676377133817221
223	207	0.16932310508533965
223	208	1.423687166729269
223	221	0.6297659974303847
223	222	4.350698663190313
223	223	1.0778748853071474
223	224	0.5148720400750089
223	239	0.674822588191319
223	240	2.567320308246835
224	11	2.0341129079126707
224	18	0.7925147569676086
224	51	6.576393431673877
224	82	0.5037143675146412
224	144	11.007082985995773
224	182	2.6141330405403735
224	208	2.7513378789031098
224	223	3.4458039173181363
224	224	5.020683304223156
224	225	1.4486597581389336
224	233	5.621936260015257
224	239	1.3433629867437487
224	240	5.134916635390496
224	244	8.128218327874366
224	249	3.096440821606636
224	254	7.09682454125951
224	255	3.2452615309971007
225	1	1.029927185498353
225	27	3.9239412598012877
225	171	1.0452490033882638
225	209	3.4582370052147593
225	224	0.6381028066427629
225	225	1.0092192169710357
225	226	2.4032255804070983
225	228	3.3535563385580254
225	240	3.206802529697594
225	241	0.12386123776306901
226	1	0.7964849325457257
226	3	0.8676081062080361
226	84	3.1893461936535417
226	182	1.2561397171871331
226	209	2.699356332019543
226	210	1.6082699535845633
226	225	0.6949590587803917
226	226	6.834608624489484
226	227	0.9384605272300701
226	239	0.6495837523205311
226	242	2.354923979232536
227	2	1.7928333031319925
227	3	0.5047746661976122
227	5	2.1274455626563973
227	63	1.7248106941027619
227	165	1.5690428098052207
227	185	0.4408883516917741
227	211	1.6186084252047155
227	226	1.0689021447145692
227	227	1.6737649567075907
227	228	1.4428328143848392
227	231	1.652225047590179
227	242	1.215986742462972
227	243	1.9847610821635282
228	211	0.10275672504359515
228	212	0.6037909736363837
228	225	0.020300725631226497
228	227	0.029826751756103685
228	228	3.540352358290604
228	229	0.10416063710589572
228	244	0.1470347971676494
229	3	0.9680699121813038
229	10	1.1399112365224195
229	50	1.349820871925307
229	89	3.3147748058646194
229	213	8.462172335075639
229	214	0.9563167202669942
229	228	2.788052864044436
229	229	6.9931730406728025
229	230	1.8775025636151472
229	245	2.0881051973030775
229	246	0.9894725623113926
230	65	1.0838783321054248
230	214	0.46822761899228427
230	229	1.9521663820199113
230	230	4.480181460794085
230	231	1.6822757639934414
230	246	0.5157490672794157
231	215	0.6184320994131173
231	227	0.1913149802668884
231	230	0.4201288894917328
231	231	6.790628505078848
231	232	0.2969319100928947
231	247	0.6995474395779617
232	50	1.1157054544541953
232	182	1.1764516551360467
232	192	1.3972758984489193
232	215	2.689531462883205
232	216	2.8256884711747774
232	231	2.6677178066250127
232	232	8.458662286931016
232	233	2.5078473332465263
232	248	2.164381842799298
233	11	0.604994914847273
233	28	0.7797340276290311
233	214	0.5241174750772614
233	215	1.7530357170536168
233	217	0.45626884740262763
233	224	0.30360421425023704
233	232	0.8876002909376697
233	233	3.0928789757138517
233	234	0.7563524850985572
233	235	0.8167853419414046
233	249	0.9307227357219917
234	10	2.6843305932555195
234	22	1.0512115038921246
234	40	3.8227744314935306
234	42	6.954931669291487
234	43	2.6624310528794415
234	143	0.547499909689159
234	156	2.5630984366985445
234	170	1.8478702127554727
234	185	1.9046009310762908
234	188	7.705359062009829
234	211	7.360251419341701
234	218	5.123397987995604
234	233	7.192744249904198
234	234	7.154573262350516
234	235	3.4971038352317736
234	248	6.094466435129406
234	250	3.028143253856739
235	28	3.0966972286595533
235	29	0.14064996822613945
235	43	2.45806874377495
235	58	0.6111501404058107
235	71	1.377143617129698
235	167	9.148713476646977
235	185	1.768055819747147
235	194	12.154580729674596
235	203	3.1425040336280876
235	209	6.531580106757306
235	218	4.770342679787731
235	219	8.051725516023733
235	220	1.034724425122784
235	233	6.642157478219854
235	234	3.0061575236125067
235	235	4.657151281025715
235	236	3.079770738925496
235	238	3.865088867724217
235	250	2.795269527992537
235	251	8.798937969167774
236	10	0.8056839245885012
236	187	1.567523002756781
236	220	0.3337000852567876
236	235	1.0595530106059783
236	236	1.7278102884321833
236	237	3.3009222407977097
236	245	1.479605004714205
236	252	2.463988493606184
237	10	1.4016713057772827
237	28	1.7388428580256088
237	138	1.3471043256898492
237	172	4.017214719025502
237	193	8.650086952786378
237	221	0.8439131906278753
237	236	1.7478132879168276
237	237	8.628828272582588
237	238	2.1776415395339317
237	253	4.077372811163195
238	46	3.057696844910944
238	117	1.8540624840725195
238	189	5.528016185400428
238	191	1.003797254301968
238	222	7.268990552200071
238	235	2.367041654512384
238	237	7.031723858619307
238	238	3.860057802586112
238	239	1.1418279066759973
238	240	4.333053128128622
238	243	5.8344472086586
238	254	5.978680863533419
239	46	0.6068681086276244
239	120	0.026887302488335388
239	176	1.1309449117417898
239	204	0.08041632249809065
239	214	0.2968112275257056
239	223	0.5813617495799022
239	224	0.1738644565149367
239	226	0.6495180483547415
239	238	0.5618945629090589
239	239	0.9850026497488573
239	240	0.8704024309107521
239	250	0.39573776769336
239	255	1.3072524911761574
240	0	2.1099389506424555
240	1	1.035110019082145
240	3	1.14128855896732
240	11	1.301065206632822
240	14	6.9902433286281305
240	15	0.1350444518489526
240	31	2.165288257976
240	45	1.7328857021268969
240	111	4.698775426673579
240	140	2.7247136774343734
240	178	4.512525302337113
240	193	8.204199168003427
240	207	0.21370696220343088
240	223	2.2189477932041646
240	224	0.6525381520077214
240	225	0.9300669971120276
240	238	2.082503837294093
240	239	0.8635803582407152
240	240	9.19935043521109
240	241	0.12892803083281396
240	243	4.444584360624813
240	252	4.021183610568321
240	254	4.527700039219937
240	255	3.718329218860485
241	1	0.45083734435821154
241	2	1.730936311360876
241	225	0.3983046869967978
241	240	1.384785635766696
241	241	5.266451232156577
241	242	1.5374311675389
242	2	0.22734391571812704
242	18	0.031645407753130274
242	115	0.4105554682684907
242	226	0.14730007126282074
242	227	0.06950866289013098
242	241	0.007833264019669484
242	242	9.378896793259736
242	243	0.30840925932049224
243	1	1.5128027710383014
243	3	1.674515049267605
243	19	4.3242834527350045
243	21	1.3676188629308863
243	62	5.902659559809586
243	112	0.8826565922230513
243	120	0.1489427585161641
243	165	5.206370648692585
243	227	1.8189444984292267
243	238	3.0584485724283605
243	240	4.7732481734643555
243	242	3.9224695138458174
243	243	0.9671380743364788
243	244	7.601703143971664
244	3	0.353148284929827
244	4	0.15689435915152464
244	7	1.0058965254931722
244	201	1.0821835394249248
244	224	0.2017801693938508
244	228	1.2911715966305393
244	243	1.459371271297534
244	244	3.068229574767395
244	245	0.7868750325408601
245	4	0.17023553389297674
245	5	1.4665370188578342
245	7	1.1291535422910364
245	12	1.0543478590150965
245	25	0.6564109429347479
245	37	0.4001229120289711
245	86	0.5556491073772755
245	100	1.4907599784335175
245	182	0.5587358815057306
245	198	0.4112270385651483
245	229	1.6157815438999115
245	236	0.5755481049982669
245	244	1.7702288094491976
245	245	1.5835675050637033
245	246	0.398866162164299
245	248	1.071287038091818
246	6	1.6380812341270496
246	83	0.4174382063715945
246	182	0.40653936935144974
246	229	1.049848733618394
246	230	0.6724719577565045
246	245	0.5845884290843926
246	246	1.294606853123309
246	247	1.0097030031850749
246	248	0.7215080491995526
247	5	1.0858332027850486
247	7	0.39688238150497684
247	10	0.15673997776968926
247	26	0.022139993442247725
247	87	0.6952842856358645
247	181	0.028377445634469523
247	199	0.13611493982300532
247	215	0.4599855167609148
247	231	0.46157207691674723
247	246	0.1424887303324462
247	247	8.382777486364265
247	248	0.40723955430434844
247	250	0.17197396519322258
248	8	5.745324708153902
248	9	3.3122771360485674
248	10	2.0194455192576797
248	36	3.81301645963324
248	55	0.041799366340907994
248	58	0.6063023504067498
248	72	3.6179631586465093
248	90	4.306477796675008
248	96	0.5473742666834838
248	121	0.044778911068077465
248	150	4.713177473971949
248	216	5.870384695094838
248	232	2.9093580430673165
248	234	2.4610254519652264
248	245	3.6892016607515496
248	246	1.7829759829702665
248	247	6.596278401746959
248	248	3.9887136160789884
248	249	2.9932912997764265
248	251	7.1434925509812475
249	3	1.3097157991124575
249	6	4.884818023852286
249	8	4.341106599424945
249	9	2.547605010860423
249	10	1.5290726746373065
249	11	1.487216658065921
249	13	2.5928702372362866
249	24	2.487436842070586
249	25	2.0467998152905977
249	42	4.23276356381266
249	73	4.207914425303079
249	136	2.6592068116848937
249	140	3.021040300594827
249	170	1.0523599479128989
249	186	6.333762427366075
249	201	3.980381571354926
249	203	1.9322200884420568
249	224	0.7535403090413935
249	233	4.0747065033666905
249	248	3.487529296011894
249	249	7.4133958858930775
249	250	1.7212808071709949
249	252	4.598821775793183
250	4	0.15697330846087146
250	10	0.43809391037961787
250	14	2.453888878772689
250	21	0.3036887532786465
250	22	0.1784095719916481
250	26	0.06333118886902937
250	28	0.5462491093903866
250	43	0.43243020286726014
250	138	0.41693750619187053
250	150	1.0629295698166192
250	156	0.418561658910051
250	169	0.6926920381935797
250	186	1.7635686227163192
250	234	0.5387998127159561
250	235	0.5840845486269923
250	239	0.2764687505946679
250	247	1.426222644648913
250	249	0.6535196382249728
250	250	6.135185180422167
250	251	1.5327511803952243
250	254	1.4739482589397412
251	11	0.4920568704684074
251	13	0.8892046495125893
251	28	0.6441831750455147
251	29	0.02862391997000282
251	235	0.6596620372937956
251	248	1.1615584809091193
251	250	0.5735072760153518
251	251	8.950202784904112
251	252	1.56090171317258
252	9	4.281289052279472
252	10	2.6055120091689346
252	11	2.5331808040949437
252	12	5.8500066599254925
252	13	4.378419037508583
252	15	0.26462038793898246
252	28	3.2465373414725076
252	65	4.881017786069981
252	76	1.1616447330003339
252	219	8.407529139588142
252	220	1.0807444025712123
252	236	3.2519296639711586
252	240	6.388827359041383
252	249	3.8179801851297226
252	251	9.220759214865637
252	252	6.238119477360319
252	253	7.442148839801256
253	10	0.6206210504054565
253	13	1.1446971618533488
253	14	3.427385902423342
253	204	0.13635901183099994
253	237	2.5108551372950636
253	252	1.8663479784477377
253	253	1.316398020351287
253	254	2.119719129058258
254	8	5.615431816238401
254	13	3.3471301210899633
254	14	10.095409098117338
254	19	4.441298166682674
254	29	0.11249734239568855
254	30	2.555900589699396
254	43	1.9676769439536377
254	46	3.4027138398429666
254	47	5.7439925449026585
254	95	4.933723403033868
254	110	1.6079534594487581
254	154	5.604723527793046
254	159	4.923188953739762
254	188	5.228110390450988
254	220	0.8274868503711004
254	224	0.9732705265881206
254	238	3.1113033915974015
254	240	4.859775582090478
254	250	2.23592523613457
254	253	5.620855502528886
254	254	8.724132513423825
254	255	3.6944400374556867
255	15	0.049547143364399394
255	62	1.5400308646144913
255	67	1.116595289621761
255	69	0.8585815458099958
255	143	0.09799853036911002
255	207	0.07578940811068885
255	224	0.23184393653185534
255	239	0.31251051961567156
255	240	1.160717694016254
255	254	1.6095001615180116
255	255	8.736098164116974
