SW24,r_hop_max-1-uniform,1
574 
564 
156 197 224 225 232 392 
154 340 364 388 
151 170 
140 
28 50 53 79 104 
241 294 375 393 
138 
502 525 
117 189 239 250 356 421 
112 133 158 159 181 182 
510 533 
139 186 256 398 
127 
165 519 543 546 549 
105 144 145 164 167 168 190 264 381 567 568 
0 1 2 25 52 118 
87 157 
94 
142 
75 99 122 123 147 216 
129 
324 326 349 
67 152 173 175 195 196 199 218 219 221 246 257 316 422 
130 153 
408 
16 20 56 83 89 111 136 137 162 238 389 527 
237 573 
81 82 106 
307 331 
209 
48 72 73 95 96 114 119 120 143 148 
71 85 146 149 150 
440 
12 354 464 487 488 489 512 
10 13 14 21 37 38 59 60 61 62 63 64 86 88 91 110 134 135 155 325 374 380 399 402 449 472 514 535 566 
42 360 383 384 385 406 407 494 
242 243 265 266 267 290 369 
103 376 
7 8 58 560 
17 569 570 
4 24 26 93 251 528 552 
571 
45 69 
3 
539 562 
373 
19 27 116 172 187 198 212 213 214 215 233 297 397 534 
6 
36 
23 
280 296 319 320 321 344 394 536 
31 32 33 34 57 176 279 462 555 
70 
310 378 432 
90 121 124 202 210 234 235 236 259 260 261 282 284 285 286 287 288 302 308 327 332 337 351 429 492 557 
44 
49 330 348 368 404 425 427 451 474 476 493 495 499 500 501 518 520 524 545 
160 205 229 
15 18 40 41 43 66 177 523 
5 68 74 92 245 350 463 465 477 478 480 481 483 498 503 505 506 530 532 550 551 553 554 
65 211 418 438 441 442 443 446 466 521 
161 228 230 253 254 276 278 444 
9 39 55 171 174 191 200 247 248 249 268 269 270 271 272 273 274 275 283 295 298 343 363 367 370 390 420 461 471 
410 433 434 452 458 482 486 531 
166 183 185 206 207 208 222 231 255 
169 193 194 217 220 400 
473 497 542 544 572 
184 
541 
84 108 113 132 179 180 226 
188 192 
201 
448 469 470 
204 277 300 413 
223 291 292 313 315 318 
30 131 299 301 322 338 345 346 347 371 372 395 537 
227 329 352 353 377 424 479 
513 
115 163 
240 426 
244 
262 
35 51 80 556 
414 485 
361 409 
258 281 304 
289 306 309 379 467 526 
314 339 362 386 
263 
29 54 76 77 78 100 101 102 125 203 457 507 
293 
387 411 423 563 
303 305 328 
311 
312 
107 109 128 547 561 
323 
334 357 358 359 382 403 
252 
333 
405 
335 336 
341 
342 365 366 447 516 
558 559 
355 
47 454 575 
11 491 515 517 522 538 540 548 565 
508 509 511 
141 
396 
416 417 419 
496 
428 
22 46 
430 
126 178 
445 
450 
97 
453 456 
98 
455 
317 391 401 415 439 490 
484 
412 431 435 436 437 459 460 468 475 
504 
529 
