# Undirected graph (each unordered pair of nodes is saved once): SW-2D_32_1_PL.txt
# Nodes: 576 Edges: 3452
# NodeId	NodeId
0	1
0	22
0	23
0	24
0	126
0	375
0	551
0	552
1	2
1	25
1	52
1	118
1	553
2	3
2	5
2	21
2	26
2	31
2	74
2	483
2	518
2	531
2	532
2	554
3	4
3	27
3	77
3	483
3	531
3	555
4	5
4	25
4	28
4	29
4	76
4	214
4	222
4	367
4	556
5	6
5	29
5	77
5	219
5	482
5	492
5	556
5	557
5	567
6	7
6	27
6	30
6	558
7	8
7	26
7	31
7	34
7	435
7	445
7	531
7	559
8	9
8	11
8	32
8	58
8	105
8	222
8	560
9	10
9	12
9	33
9	210
9	271
9	414
9	441
9	518
9	561
9	564
10	11
10	16
10	34
10	58
10	62
10	106
10	127
10	129
10	221
10	278
10	297
10	368
10	445
10	506
10	513
10	561
10	562
11	12
11	13
11	25
11	35
11	57
11	59
11	422
11	445
11	462
11	466
11	471
11	516
11	522
11	559
11	562
11	563
11	564
11	567
12	13
12	15
12	36
12	39
12	40
12	57
12	59
12	60
12	109
12	110
12	131
12	132
12	164
12	416
12	466
12	481
12	488
12	492
12	493
12	531
12	540
12	545
12	557
12	560
12	562
12	564
12	565
13	14
13	15
13	37
13	62
13	108
13	109
13	346
13	517
13	519
13	565
13	567
14	15
14	37
14	38
14	62
14	204
14	279
14	353
14	421
14	438
14	449
14	566
15	16
15	36
15	37
15	38
15	39
15	41
15	42
15	61
15	63
15	111
15	138
15	221
15	251
15	311
15	461
15	541
15	542
15	544
15	556
15	567
15	569
15	571
16	17
16	40
16	88
16	112
16	567
16	568
17	18
17	19
17	40
17	41
17	141
17	446
17	448
17	536
17	544
17	568
17	569
18	19
18	42
18	88
18	124
18	521
18	523
18	567
18	568
18	569
18	570
19	20
19	43
19	67
19	162
19	211
19	235
19	372
19	523
19	571
20	21
20	44
20	112
20	483
20	522
20	523
20	572
20	573
21	22
21	40
21	45
21	46
21	62
21	73
21	400
21	570
21	573
21	575
22	23
22	45
22	46
22	93
22	141
22	166
22	431
22	503
22	523
22	528
22	573
22	574
23	47
23	567
23	575
24	25
24	47
24	48
24	121
24	166
24	345
25	26
25	29
25	49
25	51
25	93
25	97
25	121
25	131
25	216
25	251
25	361
25	402
25	480
25	499
25	519
25	528
25	552
25	553
25	555
25	556
26	27
26	50
26	528
26	574
27	28
27	51
27	99
27	170
27	211
27	243
27	483
27	531
28	29
28	52
28	54
28	138
28	360
29	30
29	35
29	50
29	52
29	53
29	55
29	76
29	77
29	78
29	91
29	101
29	102
29	103
29	148
29	178
29	197
29	226
29	301
29	320
29	376
29	531
30	31
30	50
30	54
30	77
30	80
30	222
30	371
30	486
31	32
31	33
31	50
31	51
31	54
31	55
31	56
31	77
31	82
31	99
31	130
31	152
31	247
31	462
31	533
31	536
32	33
32	35
32	56
32	152
32	556
33	34
33	57
33	77
33	95
33	176
33	279
33	462
33	555
34	35
34	58
34	105
34	191
34	210
34	516
34	561
35	36
35	52
35	57
35	59
35	178
35	492
35	542
35	561
35	562
36	37
36	60
36	84
36	135
36	523
37	38
37	61
37	62
37	63
37	249
37	441
37	484
37	494
37	542
38	39
38	43
38	61
38	62
38	66
38	88
38	109
38	112
38	344
38	443
38	445
38	462
38	521
38	524
38	541
38	565
39	40
39	43
39	61
39	62
39	63
39	271
39	370
39	445
39	452
39	469
39	519
40	41
40	42
40	43
40	46
40	59
40	62
40	64
40	66
40	86
40	105
40	108
40	155
40	175
40	180
40	206
40	257
40	493
40	507
40	508
40	544
40	548
40	566
41	42
41	44
41	65
41	66
41	67
41	161
42	43
42	66
42	177
42	367
42	407
42	466
42	523
43	44
43	67
43	92
43	97
43	193
43	252
43	523
44	45
44	68
44	88
44	479
45	46
45	49
45	69
45	354
45	568
46	47
46	70
46	313
47	70
47	71
47	164
47	478
47	500
48	49
48	71
48	72
48	74
48	120
48	144
48	166
48	500
48	504
49	50
49	73
49	97
49	121
49	126
49	475
50	51
50	54
50	55
50	74
50	77
50	97
50	98
50	313
50	360
50	514
50	554
51	52
51	75
51	530
51	550
52	53
52	54
52	73
52	74
52	76
52	77
52	80
52	149
52	556
53	54
53	77
53	88
53	141
53	329
54	55
54	74
54	77
54	78
54	79
54	101
54	102
54	104
55	56
55	79
55	83
55	110
55	136
55	271
55	565
56	57
56	79
56	80
56	105
56	112
56	315
56	509
57	58
57	60
57	61
57	81
57	107
57	108
57	121
57	128
57	174
57	295
57	535
57	553
57	562
57	563
58	59
58	80
58	81
58	82
58	85
58	89
58	105
58	202
58	255
59	60
59	61
59	62
59	64
59	81
59	82
59	83
59	84
59	110
59	128
59	130
59	251
59	288
59	482
59	567
60	61
60	62
60	84
60	110
60	112
60	126
60	131
60	155
60	515
60	540
61	62
61	63
61	84
61	85
61	86
61	87
61	92
61	161
61	180
61	182
61	187
62	63
62	64
62	86
62	88
62	90
62	91
62	110
62	114
62	134
62	135
62	155
62	325
62	374
62	380
62	399
62	402
62	449
62	472
62	514
62	535
62	566
63	64
63	65
63	66
63	87
63	88
63	515
64	65
64	83
64	88
64	166
64	448
64	495
64	511
64	515
64	518
64	567
65	66
65	89
65	112
65	138
65	442
66	67
66	70
66	88
66	90
66	138
66	567
67	68
67	89
67	91
67	93
67	143
67	223
67	379
67	523
68	69
68	92
68	96
68	116
68	458
68	482
68	523
69	70
69	74
69	93
69	105
69	126
69	351
70	71
70	94
70	188
70	214
70	279
70	307
70	313
70	485
70	548
71	95
71	97
71	149
71	500
71	518
72	73
72	95
72	96
72	114
72	119
72	120
72	143
72	148
73	74
73	91
73	97
73	483
73	535
73	552
74	75
74	77
74	97
74	98
74	99
74	143
74	146
74	164
74	169
74	210
74	222
74	439
74	458
74	482
74	531
75	76
75	77
75	99
75	123
75	531
75	550
76	77
76	97
76	100
76	101
76	124
76	173
76	268
76	507
76	556
77	78
77	79
77	91
77	97
77	100
77	101
77	121
77	126
77	166
77	267
77	286
77	313
77	331
77	467
77	491
77	561
77	565
78	79
78	83
78	101
78	102
78	126
79	80
79	85
79	103
79	126
79	199
79	314
79	412
80	81
80	97
80	104
80	255
80	486
80	521
81	82
81	105
81	268
81	279
82	83
82	105
82	106
82	507
83	84
83	104
83	105
83	107
83	112
83	131
84	85
84	86
84	108
84	131
84	204
85	86
85	89
85	109
85	132
85	149
85	515
86	87
86	110
86	279
86	568
87	88
87	110
87	111
87	135
87	136
87	181
88	89
88	91
88	96
88	106
88	108
88	112
88	115
88	135
88	136
88	156
88	159
88	210
88	252
88	405
88	465
88	519
89	90
89	112
89	113
89	114
89	136
89	137
89	143
89	158
89	329
89	330
89	546
89	568
90	91
90	114
90	284
91	92
91	112
91	115
91	139
91	234
91	364
91	431
91	432
92	93
92	116
92	364
92	479
92	482
93	94
93	117
93	124
93	238
94	95
94	118
94	166
94	238
95	119
95	144
95	431
95	437
96	97
96	119
96	120
96	142
96	143
97	98
97	118
97	119
97	121
97	122
97	129
97	141
97	143
97	145
97	165
97	238
97	288
97	290
97	292
97	410
97	481
98	99
98	122
99	100
99	102
99	123
99	124
100	101
100	124
100	197
101	102
101	124
101	125
101	203
101	334
101	457
101	507
102	103
102	110
102	126
102	143
102	166
102	174
103	104
103	105
103	127
103	189
104	105
104	111
104	128
104	131
104	161
105	106
105	118
105	128
105	129
105	144
105	151
105	153
105	305
105	440
105	575
106	107
106	130
106	131
106	136
106	148
106	197
107	108
107	131
107	136
107	177
107	275
108	109
108	110
108	128
108	131
108	132
108	133
108	156
108	159
108	204
108	231
108	273
108	428
108	518
108	547
108	561
109	110
109	131
109	133
109	178
109	445
110	111
110	126
110	134
110	181
110	201
110	208
110	294
110	354
110	494
110	552
110	566
111	112
111	135
111	497
111	518
112	113
112	133
112	135
112	136
112	137
112	162
112	173
112	182
112	189
112	238
112	389
112	527
112	553
113	114
113	137
113	204
114	115
114	116
114	134
114	138
114	214
114	289
115	116
115	139
115	162
115	531
116	117
116	140
116	145
116	188
116	211
116	437
117	118
117	141
117	189
117	260
118	119
118	142
118	143
118	166
118	222
118	364
118	400
118	500
118	519
119	143
119	166
120	121
120	142
120	143
120	144
120	270
120	567
121	122
121	139
121	143
121	145
121	146
121	148
121	151
121	162
121	170
121	190
121	222
121	242
121	282
121	284
121	379
121	392
121	489
121	527
122	123
122	143
122	146
122	176
122	192
122	233
123	124
123	147
123	148
123	176
123	216
123	456
124	125
124	126
124	147
124	148
124	149
124	172
124	284
124	356
124	437
124	461
124	534
124	570
125	126
125	149
125	171
125	178
125	270
125	523
126	127
126	129
126	131
126	147
126	150
126	197
126	233
126	318
126	375
127	128
127	151
127	174
127	203
127	222
127	245
127	500
128	129
128	152
128	437
129	130
129	153
129	176
129	222
129	249
129	298
130	131
130	154
130	176
130	360
130	500
130	529
131	132
131	133
131	153
131	154
131	155
131	202
131	208
131	252
131	363
131	371
131	538
132	133
132	156
132	179
132	204
132	208
133	134
133	155
133	157
133	178
133	179
133	182
133	253
133	344
133	542
134	135
134	141
134	158
134	203
134	307
134	567
135	136
135	156
135	157
135	159
135	280
135	398
135	497
136	137
136	156
136	159
136	160
136	208
136	257
136	258
136	263
136	302
137	138
137	161
137	489
138	139
138	140
138	158
138	162
138	164
138	522
138	523
139	140
139	143
139	161
139	163
139	189
139	232
139	237
140	141
140	164
140	189
140	222
141	142
141	164
141	165
141	213
141	261
142	143
142	166
142	214
142	245
143	144
143	146
143	165
143	166
143	167
143	168
143	172
143	190
143	192
143	215
143	244
143	314
143	457
143	479
143	569
143	573
143	574
144	145
144	164
144	167
144	168
144	190
144	211
144	264
144	287
144	381
144	501
144	567
144	568
145	146
145	164
145	169
145	176
145	190
145	338
146	147
146	148
146	149
146	169
146	170
146	172
146	192
146	222
147	148
147	170
147	171
147	197
147	238
147	264
148	149
148	170
148	171
148	172
148	197
148	205
148	216
148	312
148	324
148	390
148	544
149	150
149	173
149	191
149	245
149	255
149	531
150	151
150	166
150	174
150	191
151	152
151	155
151	170
151	175
151	219
152	153
152	156
152	176
152	223
153	154
153	176
153	177
153	178
153	200
153	238
153	322
154	155
154	178
154	181
154	251
154	364
154	419
155	156
155	158
155	179
155	212
155	268
156	157
156	158
156	168
156	180
156	204
156	224
156	227
156	395
156	428
157	158
157	181
158	159
158	161
158	180
158	182
158	255
158	569
159	160
159	182
159	183
159	188
159	209
159	253
159	375
159	567
160	161
160	184
160	205
160	208
160	513
160	561
161	162
161	165
161	172
161	179
161	185
161	186
161	214
161	233
161	254
161	256
161	257
161	275
161	326
161	330
161	398
161	402
161	548
161	561
162	163
162	186
162	238
163	164
163	187
163	210
163	213
164	165
164	188
164	210
165	166
165	189
165	208
165	214
165	519
165	521
166	167
166	190
166	202
166	207
166	211
166	214
166	215
166	250
166	556
167	191
167	214
167	260
168	169
168	191
168	192
168	214
168	223
169	170
169	193
169	243
169	441
170	171
170	172
170	194
170	195
170	197
170	228
170	322
171	172
171	195
171	245
171	271
172	173
172	196
172	211
172	364
173	174
173	197
173	223
173	574
174	175
174	197
174	198
174	205
174	271
174	368
175	176
175	199
175	219
175	223
175	455
176	177
176	199
176	200
176	220
176	232
176	243
176	273
176	289
177	178
177	181
177	201
177	222
177	249
178	179
178	202
178	214
178	216
178	250
178	297
179	180
179	181
179	202
179	203
179	204
179	206
179	227
179	344
180	181
180	204
180	235
181	182
181	205
181	253
181	265
181	568
182	183
182	206
182	279
183	184
183	186
183	207
183	208
183	235
183	404
184	185
184	208
184	244
185	186
185	204
185	207
185	208
185	209
185	210
186	187
186	210
186	234
186	236
186	256
186	308
187	188
187	210
187	211
188	189
188	212
188	214
188	238
189	190
189	210
189	213
189	214
189	215
189	236
189	260
190	191
190	214
190	391
191	212
191	215
191	238
191	268
191	271
191	502
191	525
191	569
192	193
192	212
192	215
192	216
192	221
192	235
192	242
192	264
192	324
192	338
192	352
192	459
193	194
193	217
193	220
193	400
193	530
194	195
194	218
194	386
194	547
195	196
195	219
195	222
195	223
195	240
195	243
196	197
196	220
196	222
196	223
196	242
196	267
196	409
197	198
197	203
197	214
197	221
197	224
197	245
197	264
197	391
197	561
198	199
198	211
198	218
198	222
198	245
199	200
199	201
199	203
199	222
199	223
199	394
200	201
200	204
200	210
200	224
200	271
200	273
200	297
200	462
201	202
201	208
201	225
201	267
201	462
201	486
202	203
202	204
202	226
202	245
202	284
203	204
203	226
203	227
203	228
203	231
203	253
204	205
204	206
204	208
204	214
204	223
204	226
204	228
204	230
204	232
204	249
204	253
204	300
204	301
204	522
205	206
205	229
205	247
205	253
206	207
206	230
207	208
207	210
207	222
207	231
207	234
207	255
207	279
207	492
208	209
208	210
208	214
208	232
208	235
208	254
208	256
208	263
208	267
208	278
208	312
208	323
208	350
209	210
209	232
209	233
209	326
209	441
210	211
210	223
210	224
210	234
210	235
210	250
210	255
210	258
210	279
210	284
210	285
210	302
210	305
210	355
210	376
210	391
210	568
211	212
211	213
211	214
211	215
211	233
211	235
211	239
211	259
211	260
211	264
211	265
211	282
211	285
211	295
211	297
211	308
211	334
211	351
211	371
211	397
211	442
211	452
211	522
211	534
212	213
212	235
212	236
212	406
213	214
213	237
213	261
213	279
213	285
213	286
214	215
214	216
214	222
214	236
214	238
214	254
214	261
214	332
214	522
214	530
215	235
215	238
215	239
215	351
216	217
216	218
216	238
216	239
216	240
216	243
216	263
216	270
216	287
216	288
216	332
217	218
217	223
217	241
217	263
217	279
217	386
218	219
218	223
218	242
218	262
218	336
218	410
219	220
219	223
219	243
219	245
219	316
220	221
220	244
220	317
221	222
221	223
221	242
221	245
221	297
221	398
221	429
222	223
222	224
222	227
222	232
222	245
222	246
222	247
222	256
222	270
222	283
222	318
222	339
222	346
222	354
222	456
222	502
223	224
223	228
223	243
223	246
223	247
223	257
223	270
223	274
223	291
223	295
223	297
223	316
223	320
223	379
223	418
223	422
223	491
223	492
223	523
223	543
224	225
224	232
224	248
224	290
224	313
224	342
224	343
224	392
225	226
225	249
225	308
226	227
226	228
226	250
226	255
226	483
227	228
227	251
227	297
227	353
228	229
228	252
228	254
228	298
228	324
229	230
229	231
229	253
230	231
230	233
230	254
230	299
230	305
230	398
231	232
231	255
231	268
231	428
232	233
232	256
232	280
232	321
232	489
233	234
233	235
233	237
233	238
233	257
233	258
233	262
233	514
234	235
234	236
234	238
234	255
234	258
234	283
234	284
234	502
234	548
234	558
235	236
235	238
235	253
235	257
235	259
235	260
235	284
235	309
235	546
236	237
236	238
236	260
236	284
236	356
237	238
237	261
237	285
237	286
237	305
237	472
237	549
238	239
238	240
238	258
238	262
238	264
238	293
238	302
238	309
238	313
238	332
238	333
238	376
239	260
239	263
239	279
240	241
240	242
240	263
240	264
240	268
240	288
240	501
241	242
241	265
241	369
241	422
241	567
242	243
242	266
242	289
242	357
242	426
242	438
242	505
243	244
243	266
243	267
243	332
243	360
243	431
244	245
244	268
244	270
245	246
245	268
245	269
245	270
245	272
245	461
245	482
245	513
245	567
246	247
246	248
246	270
246	390
246	423
246	448
247	248
247	253
247	271
247	316
247	374
247	523
248	249
248	271
248	272
248	296
249	250
249	271
249	273
249	297
249	299
250	251
250	260
250	274
251	252
251	275
251	276
251	279
251	299
252	253
252	276
252	423
253	254
253	268
253	275
253	276
253	277
253	281
253	282
253	300
253	303
253	335
254	255
254	276
254	278
254	279
254	444
255	256
255	257
255	277
255	279
255	280
255	293
255	303
255	326
255	380
255	391
255	518
256	257
256	280
256	572
257	258
257	280
257	281
257	350
257	425
258	259
258	279
258	280
258	282
259	260
259	261
259	283
259	284
259	346
259	357
259	426
260	261
260	284
260	356
260	421
261	262
261	284
261	285
261	314
261	332
261	430
262	263
262	286
263	287
263	306
263	313
263	360
264	265
264	273
264	287
264	288
264	315
264	337
264	386
264	444
264	479
264	521
265	266
265	267
265	289
265	312
265	313
265	490
266	267
266	290
266	369
266	441
266	443
267	268
267	291
268	269
268	271
268	273
268	292
268	293
268	387
268	500
269	270
269	271
269	293
269	294
269	317
269	368
269	458
270	271
270	294
270	394
271	272
271	273
271	274
271	275
271	283
271	295
271	298
271	343
271	363
271	367
271	370
271	390
271	420
271	461
271	471
272	273
272	296
273	274
273	295
273	296
273	297
273	298
273	320
273	321
273	556
274	275
274	298
274	299
274	321
275	276
275	279
275	298
275	299
276	277
276	296
276	300
276	314
277	278
277	279
277	300
277	301
277	422
278	279
278	302
278	326
278	567
278	573
279	280
279	281
279	297
279	298
279	300
279	301
279	303
279	304
279	305
279	310
279	323
279	326
279	351
279	405
279	458
279	479
279	528
280	281
280	304
280	305
280	320
280	325
280	375
280	478
281	282
281	305
281	308
281	375
281	515
282	283
282	284
282	306
282	308
282	517
283	284
283	307
283	309
283	444
284	285
284	286
284	287
284	288
284	302
284	308
284	327
284	332
284	337
284	351
284	412
284	429
284	492
284	557
285	286
285	309
286	287
286	297
286	310
286	360
287	288
287	311
287	382
288	289
288	290
288	311
288	312
288	332
288	336
288	571
289	290
289	292
289	312
289	313
289	314
289	315
289	356
289	360
289	361
289	380
289	524
290	291
290	297
290	313
290	314
290	315
290	338
290	359
291	292
291	313
291	315
291	318
291	412
292	293
292	309
292	314
292	316
292	387
292	398
293	294
293	317
293	409
294	295
294	318
294	369
294	561
295	296
295	318
295	319
295	367
296	297
296	320
296	325
296	345
297	298
297	301
297	321
297	322
297	344
297	347
297	363
297	370
297	399
297	420
297	439
297	502
298	299
298	313
298	322
298	419
299	300
299	303
299	322
299	323
299	371
300	301
300	314
300	324
300	326
300	413
300	467
301	302
301	305
301	325
301	371
301	376
302	303
302	326
302	500
303	304
303	327
303	351
303	360
303	448
304	305
304	308
304	328
304	544
304	563
305	306
305	327
305	329
305	354
305	521
306	307
306	329
306	330
306	331
306	360
306	380
307	308
307	313
307	331
307	332
308	309
308	331
308	332
308	357
308	375
308	379
308	384
308	402
308	429
309	310
309	333
309	356
309	380
309	524
310	311
310	334
310	379
311	313
311	319
311	335
311	389
311	437
312	313
312	335
312	336
312	386
312	458
313	314
313	315
313	332
313	337
313	360
313	361
313	382
313	386
313	390
313	415
313	428
313	435
313	529
314	315
314	316
314	332
314	338
314	360
314	435
315	316
315	337
315	339
315	364
315	431
316	317
316	340
316	363
316	365
316	458
316	518
317	318
317	341
317	391
317	416
318	319
318	336
318	342
318	343
318	365
318	369
318	379
318	483
319	320
319	343
319	532
320	321
320	344
320	394
320	437
320	536
321	322
321	345
321	346
322	323
322	344
322	346
322	354
322	371
322	373
322	441
323	324
323	326
323	347
323	422
323	531
324	325
324	326
324	327
324	348
324	518
325	326
325	349
325	466
325	478
326	327
326	328
326	339
326	348
326	350
326	374
326	429
327	328
327	351
328	329
328	352
329	330
329	332
329	351
329	353
329	377
330	331
330	354
330	375
330	469
330	475
331	332
331	355
331	523
332	333
332	356
332	360
332	398
332	410
332	431
332	502
333	334
333	357
333	374
333	403
334	335
334	356
334	358
334	375
335	337
335	354
335	359
335	432
335	504
336	337
336	359
336	360
336	383
336	389
336	395
337	338
337	361
337	362
337	386
338	339
338	362
338	371
338	386
338	403
339	340
339	363
340	341
340	364
340	367
340	404
340	437
341	342
341	345
341	365
341	388
341	471
341	483
342	343
342	366
342	389
342	414
343	344
343	367
344	345
344	365
344	368
344	467
345	346
345	369
345	371
345	441
346	347
346	348
346	369
346	370
346	371
346	375
346	444
347	348
347	371
347	375
347	457
347	469
348	349
348	372
348	375
348	475
349	350
349	373
349	375
349	444
350	351
350	374
350	375
350	482
351	352
351	375
351	386
351	421
351	441
352	353
352	375
352	376
352	377
352	428
352	449
352	467
353	354
353	377
353	424
353	447
353	479
353	545
353	568
354	355
354	377
354	378
354	488
354	545
355	356
355	379
355	428
356	357
356	360
356	380
357	358
357	359
357	362
357	381
357	432
357	478
357	480
358	359
358	382
358	403
359	360
359	361
359	363
359	371
359	383
359	412
359	431
360	361
360	380
360	381
360	382
360	383
360	384
360	386
360	390
360	395
360	402
360	406
360	407
360	408
360	452
360	472
360	481
361	362
361	385
361	409
362	363
362	364
362	386
362	409
363	364
363	387
363	431
363	432
364	365
364	384
364	388
364	409
365	366
365	383
365	389
365	431
365	456
366	367
366	390
366	447
366	516
367	368
367	389
367	391
367	396
367	445
367	501
368	369
368	392
368	425
368	441
368	475
369	370
369	375
369	393
369	441
369	467
369	546
370	371
370	393
370	394
370	449
370	482
370	486
371	372
371	395
371	537
372	373
372	396
372	444
373	374
373	375
373	397
374	375
374	377
374	398
374	399
374	401
374	426
374	515
374	543
374	550
374	571
375	376
375	397
375	398
375	399
375	402
375	425
375	445
375	472
375	567
376	377
376	400
376	448
376	474
377	378
377	401
377	447
378	379
378	402
378	403
378	430
378	518
378	521
379	380
379	403
379	404
379	432
379	526
380	381
380	395
380	404
380	467
380	526
381	382
381	405
381	420
381	431
381	501
382	383
382	403
382	406
383	407
383	482
384	385
384	386
384	407
384	408
384	412
384	431
384	462
384	482
385	386
385	407
385	409
385	438
385	457
386	387
386	409
386	410
386	413
386	431
386	432
386	453
386	484
386	485
387	388
387	411
387	422
387	483
388	389
388	412
388	462
388	507
388	509
389	390
389	409
389	413
389	439
389	443
389	453
390	391
390	414
391	392
391	401
391	415
391	439
391	468
391	490
392	393
392	395
392	416
392	466
393	394
393	412
393	417
393	441
393	515
394	395
394	418
394	515
395	396
395	419
395	441
395	443
396	397
396	420
397	398
397	404
397	421
397	445
397	467
398	399
398	422
398	423
398	446
398	448
398	493
398	518
399	400
399	423
400	401
400	424
400	445
400	448
400	467
400	472
400	545
401	402
401	425
401	448
401	472
402	403
402	426
402	431
402	454
403	404
403	405
403	427
403	452
403	472
404	405
404	406
404	420
404	422
404	428
404	429
404	435
404	449
404	475
405	406
405	429
406	407
406	430
406	454
406	456
407	431
407	494
408	409
408	410
408	413
408	431
408	432
409	410
409	413
409	433
409	443
409	574
410	411
410	412
410	415
410	434
410	482
410	519
410	535
411	412
411	423
411	435
411	563
412	413
412	425
412	436
412	455
412	462
412	466
412	505
412	575
413	414
413	437
413	438
413	485
413	512
414	415
414	438
414	439
414	441
414	461
414	462
414	480
415	416
415	438
415	439
415	441
415	517
415	540
416	417
416	422
416	440
416	469
417	418
417	419
417	441
417	466
417	489
418	419
418	420
418	442
418	466
418	471
418	561
419	420
419	443
419	453
419	466
419	492
419	522
420	421
420	442
420	444
420	469
420	492
421	422
421	445
422	423
422	446
422	497
422	518
422	521
423	424
423	447
423	472
423	520
424	425
424	448
424	449
425	426
425	449
425	451
425	452
425	475
425	564
426	427
426	450
426	452
427	428
427	431
427	451
427	475
427	478
427	556
428	429
428	452
428	453
428	499
428	575
429	430
429	431
429	453
429	518
430	431
430	432
430	454
431	432
431	435
431	436
431	445
431	453
431	454
431	455
431	479
432	433
432	453
432	454
432	455
432	456
432	457
432	479
432	526
432	567
433	434
433	456
433	457
433	458
433	482
433	483
433	531
434	435
434	452
434	458
434	466
434	482
434	486
434	531
435	436
435	442
435	459
435	483
436	437
436	459
436	460
436	468
436	475
437	438
437	439
437	441
437	451
437	461
437	462
437	482
438	439
438	440
438	442
438	444
438	461
438	462
438	463
438	488
438	489
438	553
439	440
439	441
439	462
439	463
440	441
440	464
441	442
441	443
441	444
441	462
441	465
441	466
441	518
441	528
441	560
442	443
442	446
442	466
442	521
443	444
443	451
443	467
443	525
443	526
443	544
444	445
444	466
444	467
444	468
444	470
444	493
444	494
444	495
444	538
445	446
445	469
445	470
445	550
445	570
446	447
446	470
447	448
447	449
447	471
447	490
447	525
447	549
447	568
448	449
448	450
448	470
448	471
448	472
448	479
448	494
448	521
449	450
449	451
449	452
449	470
449	473
449	474
449	496
449	497
449	500
449	522
449	529
449	538
449	545
450	451
450	457
450	474
451	452
451	475
451	497
451	500
451	522
452	453
452	474
452	476
453	454
453	456
453	477
453	500
453	550
454	455
454	478
454	479
454	531
455	456
455	458
455	476
455	479
455	503
456	457
456	459
456	477
456	479
456	480
456	503
456	504
456	526
457	458
457	460
457	479
457	481
457	483
457	520
458	459
458	460
458	472
458	475
458	482
459	460
459	481
459	483
459	491
459	516
460	461
460	483
460	484
460	532
461	462
461	485
461	553
462	463
462	464
462	465
462	484
462	485
462	486
462	487
462	495
462	496
462	506
462	509
462	510
462	514
462	531
462	532
462	533
462	556
462	558
463	464
463	465
463	482
463	487
463	518
464	465
464	466
464	470
464	482
464	488
464	489
465	466
465	482
465	489
465	493
465	531
466	467
466	468
466	487
466	490
466	493
466	515
466	518
466	561
467	468
467	469
467	470
467	489
467	491
467	494
467	517
468	469
468	470
468	471
468	491
468	492
469	470
469	473
469	480
469	492
469	493
469	494
469	497
469	498
469	518
469	550
470	471
470	494
470	518
470	523
470	543
470	566
471	472
471	495
471	538
471	544
472	473
472	492
472	496
472	497
472	516
472	520
472	521
472	522
472	529
472	532
472	545
473	474
473	497
473	521
473	522
473	550
473	568
474	475
474	478
474	498
474	523
475	476
475	493
475	495
475	499
475	500
475	501
475	518
475	520
475	523
475	524
475	545
476	477
476	500
476	501
477	478
477	482
477	501
478	479
478	482
478	501
478	502
478	504
478	506
478	531
478	575
479	502
479	503
479	531
479	548
479	568
480	481
480	482
480	503
480	504
480	530
481	482
481	483
481	505
482	483
482	498
482	503
482	505
482	506
482	507
482	530
482	531
482	532
482	550
482	551
482	553
482	554
483	484
483	486
483	493
483	507
483	508
483	530
483	531
483	533
483	540
483	554
483	556
483	557
484	485
484	489
484	508
485	486
485	509
485	511
485	518
485	534
486	487
486	500
486	509
486	510
487	488
487	511
487	544
488	489
488	512
489	490
489	493
489	494
489	511
489	513
489	515
489	535
489	537
489	538
490	491
490	513
490	514
490	532
490	540
491	492
491	508
491	515
491	516
491	541
491	548
492	493
492	504
492	511
492	515
492	516
492	567
492	569
493	494
493	517
493	567
494	495
494	515
494	518
494	568
495	496
495	516
495	517
495	518
495	519
495	567
496	497
496	520
497	498
497	518
497	521
498	499
498	500
498	522
498	545
499	500
499	501
499	523
500	501
500	522
500	523
500	524
500	525
500	549
500	572
501	502
501	503
501	525
501	534
501	573
502	503
502	526
502	549
503	527
504	505
504	527
504	528
504	556
505	506
505	508
505	529
505	555
506	507
506	530
506	531
506	532
506	550
507	508
507	531
508	509
508	510
508	532
509	510
509	529
509	532
509	533
510	511
510	534
510	545
511	512
511	535
512	513
512	536
513	514
513	515
513	537
514	515
514	522
514	538
515	516
515	517
515	518
515	539
515	563
516	517
516	518
516	522
516	538
516	540
516	548
516	565
517	518
517	519
517	536
517	541
518	519
518	520
518	539
518	542
518	564
518	566
518	573
518	575
519	520
519	543
519	546
519	549
519	567
520	521
520	543
520	544
521	522
521	523
521	542
521	544
521	545
521	546
521	550
521	568
521	569
521	570
521	572
522	523
522	524
522	525
522	545
522	546
522	547
522	548
522	568
523	524
523	526
523	547
523	548
523	568
523	569
523	575
524	525
524	548
525	526
525	549
526	527
526	550
526	567
527	550
527	551
528	529
528	530
528	551
528	552
529	530
529	553
530	531
530	554
531	532
531	533
531	542
531	552
531	555
531	556
532	533
532	551
532	555
532	556
533	534
533	557
534	535
534	549
534	558
535	536
535	559
536	537
536	560
536	561
536	574
537	538
537	561
538	539
538	562
539	540
539	563
540	541
540	564
541	542
541	543
541	544
541	565
541	567
542	543
542	566
542	567
543	544
543	566
543	567
544	545
544	561
544	568
545	546
545	564
545	566
545	567
545	568
545	569
546	547
546	550
546	570
547	548
547	550
547	571
548	549
548	550
548	572
549	550
549	573
550	551
550	569
550	574
551	575
552	553
552	561
552	574
552	575
553	554
554	555
555	556
556	557
557	558
558	559
559	560
559	567
560	561
561	562
562	563
562	565
563	564
563	569
564	565
565	566
566	567
566	568
567	568
568	569
568	571
569	570
569	571
570	571
571	572
572	573
573	574
574	575
