SW32,r_hop_max-1-uniform,1
995 
970 
946 947 
943 974 
940 
933 
930 
895 926 927 
931 
848 
803 804 806 861 898 
788 
775 872 876 904 
767 831 832 863 
753 
739 
681 896 936 938 971 1000 
669 671 
666 699 
664 673 
633 714 
627 628 659 661 
619 
608 
689 719 750 751 752 754 757 783 
607 727 733 763 764 765 766 796 797 829 
597 690 691 722 
596 
595 624 625 626 720 
878 
594 953 985 1018 
577 652 
570 675 678 680 710 711 741 742 774 
566 981 
556 573 641 732 808 826 858 889 891 924 954 
537 634 890 900 921 
535 
521 
498 529 561 562 593 623 
486 
477 
463 941 
759 778 
631 730 734 761 762 794 
461 519 526 557 558 591 
459 
456 539 540 541 572 
439 696 795 823 892 982 
425 686 
409 
403 
401 434 
398 467 468 499 638 667 
516 523 552 553 586 956 
446 
125 
412 
206 
113 650 755 821 885 
15 27 121 152 153 154 185 186 735 
112 182 279 310 
102 103 133 494 
246 918 949 950 951 
740 
87 554 792 824 825 854 855 856 857 860 888 922 
95 308 337 441 490 495 510 
68 
67 288 418 544 547 702 
590 718 782 784 786 843 862 916 
165 168 200 201 232 234 266 424 
73 136 138 166 178 
919 
66 75 396 682 713 809 836 838 840 841 842 868 873 1003 
816 
65 387 414 452 483 513 579 737 
282 415 
101 877 1004 
41 42 43 71 
531 598 642 662 692 693 694 695 697 698 723 726 756 791 
72 202 
17 18 48 49 50 81 140 305 338 404 785 815 
574 
53 85 116 149 181 
505 
478 656 684 875 
371 458 
119 151 183 213 886 
203 520 543 549 550 580 581 582 613 614 802 
798 
51 639 658 703 736 758 768 769 770 771 799 800 
45 887 899 
979 1011 
867 
361 
532 
514 515 
14 16 743 
830 
790 
12 13 34 44 63 76 77 80 83 86 105 108 109 110 111 117 141 170 198 233 235 237 241 242 265 297 497 781 847 1006 
538 
129 229 
261 293 294 325 326 327 332 358 
632 
388 583 616 647 676 
268 301 
780 810 811 812 844 
670 701 729 760 
571 600 604 635 
283 983 
114 210 273 274 
307 339 340 341 
789 
654 
11 22 705 728 801 834 835 864 865 866 894 897 939 1023 
106 220 251 252 253 284 285 349 
163 292 432 453 484 485 517 548 677 
362 393 
8 122 148 630 819 846 881 912 913 914 945 
164 228 259 277 316 317 318 320 347 351 382 383 384 411 413 511 542 908 959 
7 10 31 70 104 287 291 389 707 827 903 934 966 967 968 969 977 1001 
82 115 
180 506 584 649 679 
23 124 160 190 219 222 223 254 256 793 828 
3 603 874 893 932 963 964 965 996 998 
36 304 370 528 559 592 787 817 
264 295 296 328 357 360 391 457 460 489 530 902 
55 772 805 837 869 870 901 973 
1 6 435 672 773 923 928 929 935 960 961 972 991 992 993 994 1021 
161 455 
58 88 120 184 709 
25 150 820 884 920 
721 724 
668 
94 134 324 492 
54 
174 334 335 
40 46 93 107 137 171 172 205 331 390 651 879 907 
177 
4 5 132 612 807 
29 248 989 990 1020 1022 
405 
69 648 715 746 779 905 909 910 937 962 
948 
0 30 118 212 238 243 244 245 276 364 372 
859 
747 
19 187 880 911 
28 61 74 90 96 123 155 159 218 221 247 249 250 509 522 565 871 952 955 980 986 
20 21 52 62 1013 
426 
57 89 
157 189 
135 386 417 419 420 448 449 450 451 479 481 482 578 
9 33 999 
480 
336 368 
605 
576 704 
366 430 
37 47 79 975 1007 1008 
258 289 290 322 359 
299 
59 725 822 850 851 852 853 883 915 
447 466 487 518 551 
169 214 329 436 437 465 470 471 491 501 502 503 533 534 536 563 569 602 687 833 997 
617 
175 269 270 271 302 
38 207 216 306 395 546 555 560 585 587 588 589 615 618 620 621 622 629 653 655 657 660 685 717 745 813 845 
64 162 167 173 193 194 195 225 226 421 
32 35 97 98 99 130 
39 192 196 224 227 257 280 321 354 399 636 738 
777 
144 
100 197 
2 
260 
131 
146 665 978 1009 
440 
400 
126 127 128 158 191 255 473 988 
139 422 
599 
142 179 208 239 240 272 
143 464 493 
145 262 392 640 644 646 674 706 708 
942 944 976 1005 
147 
26 84 91 637 917 1012 
156 643 700 731 906 
925 957 958 
236 330 363 367 394 397 423 427 428 429 431 462 469 500 814 987 
199 496 
204 818 849 882 
211 315 525 
215 217 504 
444 
433 609 610 611 645 
300 
230 488 564 683 716 744 749 776 1002 
231 
24 56 303 984 1010 1015 1016 1017 1019 
263 
188 314 
267 
275 
350 416 442 474 475 476 507 508 
60 92 
278 312 343 344 374 375 376 402 407 438 445 472 527 567 663 712 
839 
688 
281 
286 
298 319 
385 
309 
1014 
209 
323 333 355 
78 
176 
342 369 373 406 408 
345 346 377 378 379 410 443 
748 
348 512 545 575 606 
454 
352 
356 524 
568 601 
311 313 
353 380 381 
365 
