# Undirected graph (each unordered pair of nodes is saved once): SW-2D_32_1_PL.txt
# Nodes: 1024 Edges: 6139
# NodeId	NodeId
0	1
0	2
0	28
0	31
0	32
0	34
0	138
0	244
0	330
0	399
0	491
0	841
0	865
0	868
0	960
0	992
0	995
1	2
1	8
1	10
1	30
1	33
1	34
1	75
1	193
1	220
1	389
1	391
1	644
1	836
1	852
1	853
1	896
1	935
1	960
1	990
1	993
1	995
1	1023
2	3
2	34
2	66
2	113
2	642
2	961
2	963
2	994
3	4
3	35
3	71
3	91
3	866
3	963
3	964
3	966
3	995
4	5
4	35
4	36
4	37
4	93
4	776
4	807
4	907
4	992
4	996
5	6
5	37
5	38
5	997
5	998
6	7
6	8
6	37
6	38
6	39
6	104
6	166
6	171
6	289
6	587
6	709
6	934
6	960
6	966
6	998
7	8
7	9
7	36
7	39
7	75
7	104
7	622
7	684
7	902
7	966
7	999
8	9
8	10
8	11
8	33
8	39
8	40
8	41
8	72
8	167
8	169
8	201
8	233
8	290
8	316
8	336
8	516
8	561
8	603
8	681
8	734
8	840
8	873
8	883
8	913
8	936
8	962
8	968
8	971
8	999
8	1000
8	1001
8	1003
8	1020
9	10
9	41
9	75
9	106
9	128
9	132
9	272
9	465
9	776
9	844
9	903
9	939
9	1001
9	1002
10	11
10	42
10	966
10	1002
11	12
11	43
11	44
11	108
11	865
11	874
11	971
11	972
11	1003
12	13
12	44
12	75
12	109
12	742
12	813
12	902
12	964
12	1004
13	14
13	45
13	108
13	109
13	262
13	943
13	1002
13	1005
14	15
14	46
14	47
14	396
14	909
14	1006
15	16
15	47
15	79
15	111
15	153
15	743
15	1007
16	17
16	47
16	48
16	113
16	281
16	340
16	910
16	949
16	976
16	988
16	1008
17	18
17	19
17	49
17	55
17	77
17	113
17	977
17	998
17	1009
18	19
18	45
18	49
18	50
18	114
18	178
18	187
18	490
18	869
18	880
18	911
18	917
18	1008
18	1010
19	20
19	23
19	51
19	85
19	111
19	410
19	458
19	702
19	819
19	919
19	965
19	1011
20	21
20	52
20	65
20	122
20	513
20	1010
20	1012
21	22
21	52
21	53
21	55
21	62
21	87
21	181
21	822
21	1013
21	1018
22	23
22	54
22	55
22	865
22	1014
23	24
23	25
23	55
23	222
23	853
23	1015
24	25
24	56
24	924
24	989
24	1016
25	26
25	48
25	57
25	69
25	71
25	89
25	124
25	214
25	259
25	852
25	860
25	885
25	978
25	984
25	985
25	1014
25	1015
25	1017
25	1018
26	27
26	28
26	52
26	58
26	250
26	1018
27	28
27	51
27	59
27	90
27	101
27	119
27	123
27	153
27	248
27	290
27	861
27	907
27	924
27	962
27	989
27	1017
27	1018
27	1019
27	1020
27	1021
28	29
28	31
28	55
28	58
28	60
28	92
28	154
28	992
28	1020
28	1022
29	30
29	61
29	62
29	122
29	212
29	867
29	988
29	992
29	1021
30	31
30	32
30	53
30	62
30	191
30	244
30	326
30	871
30	1022
31	62
31	63
31	137
31	158
31	192
31	899
31	966
31	1023
32	33
32	63
32	64
32	92
32	98
32	192
32	314
32	653
32	674
32	769
32	927
32	929
32	998
33	34
33	35
33	38
33	65
33	163
33	187
33	245
33	401
34	35
34	66
34	96
34	109
34	156
34	196
34	229
34	391
34	931
34	954
34	960
35	36
35	37
35	38
35	50
35	64
35	66
35	67
35	68
35	71
35	95
35	97
35	98
35	100
35	101
35	131
35	134
35	190
35	196
35	200
35	212
35	461
35	590
35	786
35	846
35	866
35	867
35	898
35	923
35	928
35	933
35	961
35	963
35	992
35	995
36	37
36	38
36	67
36	68
36	78
36	167
36	255
36	515
36	560
36	764
36	902
37	38
37	39
37	69
37	132
37	261
37	290
37	295
37	346
37	551
37	612
37	807
37	857
37	863
37	937
37	968
37	992
37	1007
37	1008
38	39
38	70
38	101
38	102
38	105
38	122
38	136
38	137
38	167
38	168
38	173
38	220
38	271
38	329
38	518
38	621
38	750
38	804
38	833
38	842
38	844
38	877
38	898
38	903
38	935
38	966
38	973
39	40
39	71
39	105
39	163
39	181
39	225
39	800
39	935
40	41
40	72
40	73
40	108
40	517
41	42
41	45
41	73
42	43
42	65
42	71
42	74
42	137
42	678
42	968
42	997
43	44
43	45
43	75
43	619
43	906
44	45
44	74
44	76
44	109
45	46
45	47
45	77
45	79
45	137
45	203
45	232
45	237
45	246
45	393
45	428
45	439
45	633
45	855
45	887
46	47
46	78
46	108
46	633
47	48
47	52
47	79
47	83
47	86
47	105
47	110
47	113
47	131
47	140
47	178
47	183
47	254
47	311
47	487
47	657
47	816
47	970
47	973
47	1007
48	49
48	79
48	80
48	214
48	332
48	676
49	50
49	81
49	140
49	305
49	338
49	404
49	785
49	815
50	51
50	52
50	82
50	108
50	172
50	249
50	827
51	52
51	63
51	83
51	268
51	768
51	777
51	968
52	53
52	84
52	86
52	91
52	114
52	116
52	148
52	181
52	442
52	503
52	637
52	687
52	801
52	817
52	886
52	917
52	945
52	1012
53	54
53	55
53	85
53	86
53	117
53	148
53	150
53	524
53	885
53	905
54	55
54	86
54	87
54	127
54	213
54	854
55	56
55	58
55	62
55	80
55	86
55	87
55	89
55	119
55	144
55	183
55	228
55	245
55	476
55	742
55	813
55	869
55	917
55	948
55	983
56	57
56	88
56	186
56	213
56	1016
57	58
57	89
57	630
58	59
58	61
58	90
58	120
58	157
58	893
58	986
59	60
59	61
59	90
59	91
59	257
59	624
59	851
59	984
60	61
60	92
60	93
60	97
60	186
60	388
61	62
61	93
61	154
61	825
62	63
62	64
62	94
62	134
62	158
62	214
62	324
62	492
62	1020
62	1022
62	1023
63	65
63	95
63	109
63	123
63	192
63	1022
64	65
64	93
64	95
64	96
64	194
64	511
64	695
64	763
65	66
65	67
65	94
65	95
65	96
65	97
65	125
65	137
65	139
65	160
65	162
65	199
65	216
65	232
65	278
65	368
65	383
65	406
65	412
65	451
65	708
65	775
65	927
65	961
65	962
65	963
65	992
65	993
65	998
65	1001
66	67
66	98
66	166
66	255
66	744
66	841
67	68
67	99
67	101
67	250
67	450
67	930
68	69
68	71
68	72
68	95
68	100
68	158
68	552
68	902
68	932
69	70
69	101
69	164
69	713
69	777
69	868
69	873
70	71
70	102
70	164
70	389
70	391
70	514
70	776
70	966
71	72
71	103
71	135
71	191
71	210
71	776
71	903
71	937
71	1001
72	73
72	74
72	104
72	136
72	167
72	202
72	482
72	968
72	999
73	74
73	105
73	169
74	75
74	97
74	106
74	154
74	167
74	171
74	396
74	1011
75	76
75	77
75	105
75	107
75	108
75	139
75	247
75	350
75	485
75	819
75	841
75	918
76	77
76	108
76	109
76	329
76	686
76	817
76	968
77	78
77	109
77	111
77	205
77	858
78	79
78	110
78	142
79	80
79	86
79	111
79	112
79	141
79	170
79	171
79	173
79	174
79	252
79	293
79	308
79	312
79	680
79	714
79	846
79	1007
80	81
80	109
80	111
80	112
80	113
80	141
80	171
80	175
80	250
81	82
81	113
81	214
81	912
81	984
81	1018
82	83
82	114
82	214
82	752
83	84
83	85
83	109
83	112
83	115
83	118
83	178
83	560
84	85
84	116
84	148
84	871
84	968
85	86
85	117
85	148
85	181
85	906
85	949
86	87
86	90
86	95
86	109
86	118
86	255
86	379
86	381
86	727
86	1021
87	88
87	119
87	120
87	149
87	384
87	404
87	668
87	856
87	857
88	89
88	111
88	119
88	120
88	122
88	204
88	214
88	216
88	241
88	924
88	952
89	90
89	121
89	186
89	241
89	249
89	256
90	91
90	111
90	121
90	122
90	123
90	154
90	185
90	255
90	531
90	613
90	885
90	989
91	92
91	121
91	123
91	371
91	444
91	952
92	93
92	122
92	124
92	156
92	361
93	94
93	108
93	125
93	390
93	889
93	989
93	1017
93	1023
94	95
94	101
94	126
94	255
95	127
95	138
95	285
95	498
95	573
95	832
95	893
96	97
96	127
96	128
96	131
96	154
96	160
96	225
96	874
97	98
97	129
97	160
97	161
97	225
97	286
97	292
97	417
97	999
97	1019
97	1023
98	99
98	130
98	489
98	559
98	968
99	100
99	101
99	131
99	205
100	101
100	132
100	245
100	259
100	934
101	102
101	105
101	133
101	135
101	171
101	191
101	197
101	198
101	212
101	806
102	103
102	111
102	134
102	230
102	809
102	899
102	935
103	104
103	133
103	134
103	135
103	164
103	167
103	168
103	494
103	607
103	680
103	972
104	105
104	135
104	136
104	160
104	619
104	963
104	966
105	106
105	108
105	109
105	137
105	169
105	233
105	806
105	809
106	107
106	138
106	252
106	909
107	108
107	111
107	139
107	170
107	171
107	330
107	717
107	908
108	109
108	110
108	111
108	137
108	140
108	141
108	162
108	171
108	172
108	173
108	205
108	331
108	386
108	390
108	449
108	498
108	651
108	751
108	773
108	819
108	826
108	879
108	907
108	997
109	110
109	111
109	117
109	141
109	170
109	198
109	233
109	235
109	237
109	241
109	242
109	265
109	297
109	497
109	588
109	781
109	846
109	847
109	850
109	1006
110	111
110	141
110	142
110	143
110	148
111	112
111	137
111	142
111	143
111	173
111	176
111	177
111	180
111	181
111	221
111	237
111	240
111	243
111	430
111	498
111	541
111	590
111	686
111	861
111	881
111	947
111	974
111	982
111	984
112	113
112	144
112	176
112	247
113	114
113	145
113	148
113	162
113	303
113	576
113	819
113	978
113	1013
114	115
114	126
114	145
114	146
114	148
114	229
114	242
114	243
114	330
114	500
115	116
115	143
115	147
116	117
116	148
116	280
116	763
117	118
117	149
117	181
117	212
117	213
117	1015
118	119
118	150
118	151
118	179
118	183
118	186
118	244
118	822
119	120
119	151
119	919
120	121
120	152
120	184
120	186
120	709
120	891
121	122
121	152
121	153
121	180
121	590
121	1018
122	123
122	124
122	154
122	187
122	214
122	293
122	682
122	726
122	913
122	922
122	1018
123	124
123	154
123	155
123	183
123	212
123	479
123	828
123	987
124	125
124	156
124	222
124	414
124	526
124	948
125	126
125	157
126	127
126	158
126	159
126	478
126	797
126	1017
127	157
127	159
127	274
127	280
127	552
128	129
128	132
128	156
128	159
128	160
128	161
128	224
128	226
128	674
128	736
128	998
129	130
129	161
129	192
129	255
129	458
129	897
130	131
130	162
130	167
130	186
130	225
130	909
131	132
131	163
131	997
132	133
132	162
132	164
132	567
132	709
132	863
132	953
133	134
133	165
133	388
134	135
134	139
134	162
134	166
134	167
134	229
134	230
134	335
134	389
134	432
134	805
134	1001
135	136
135	167
135	231
135	449
135	828
136	137
136	138
136	168
136	169
136	200
137	138
137	139
137	163
137	169
137	349
137	842
137	932
137	1000
138	139
138	140
138	156
138	169
138	170
138	171
138	392
138	393
138	438
139	140
139	169
139	171
139	297
139	305
139	393
139	421
139	1000
140	141
140	171
140	172
140	173
140	204
140	206
140	238
140	245
140	332
140	740
140	743
140	871
140	1005
141	142
141	172
141	173
141	174
141	175
141	204
141	205
141	214
141	236
141	237
141	238
141	270
141	333
141	340
141	465
141	643
141	753
141	817
141	972
141	982
141	993
141	1002
142	143
142	174
142	232
142	239
142	240
142	247
142	269
142	465
142	495
142	645
143	144
143	147
143	175
143	274
143	461
144	145
144	176
144	177
145	146
145	177
145	207
145	235
145	336
145	676
145	907
145	1002
146	147
146	178
146	179
146	302
146	1009
147	148
147	179
147	180
147	181
147	214
147	680
147	885
147	912
147	1004
148	149
148	179
148	180
148	181
148	214
148	243
148	276
148	913
148	952
148	980
149	150
149	181
149	183
149	496
149	822
150	151
150	181
150	182
150	184
150	214
150	232
150	438
150	852
151	152
151	183
151	213
151	247
151	552
151	886
152	153
152	154
152	184
152	247
152	414
152	842
152	916
153	154
153	185
153	186
153	735
154	155
154	159
154	185
154	186
154	214
154	218
154	221
154	247
154	249
154	250
154	509
154	522
154	565
154	833
154	871
154	952
154	955
154	980
154	986
155	156
155	186
155	187
155	249
155	768
156	157
156	188
156	192
156	439
156	504
156	732
156	805
156	998
157	158
157	188
157	189
157	221
157	668
158	159
158	190
159	191
159	222
159	249
159	255
159	292
159	473
159	805
159	988
159	998
160	161
160	191
160	192
160	222
160	289
160	713
160	801
161	162
161	193
161	226
161	250
162	163
162	186
162	191
162	194
162	226
162	321
162	515
162	579
163	164
163	191
163	193
163	195
163	196
163	202
163	257
163	260
163	293
163	322
163	323
163	455
163	484
163	521
163	543
163	713
163	733
163	963
163	999
163	1002
164	165
164	166
164	195
164	196
164	225
164	257
164	350
164	717
165	166
165	197
165	233
165	302
165	697
166	167
166	169
166	198
166	384
166	503
166	513
166	754
166	940
167	168
167	169
167	194
167	199
167	200
167	230
167	231
167	265
167	295
167	662
167	710
167	966
167	970
168	169
168	200
168	233
169	170
169	171
169	178
169	201
169	233
169	236
169	353
169	502
169	554
170	171
170	173
170	200
170	202
170	268
170	330
171	172
171	202
171	203
171	211
171	212
171	398
171	877
171	997
171	1004
172	173
172	201
172	204
172	235
172	268
172	361
172	399
173	174
173	194
173	205
173	237
173	395
173	396
174	175
174	179
174	206
174	335
174	817
174	847
174	935
175	176
175	207
175	232
175	242
175	270
176	177
176	207
176	208
176	432
176	760
177	178
177	179
177	209
177	998
178	179
178	181
178	205
178	210
178	266
178	683
178	973
179	180
179	211
179	212
179	218
179	240
179	242
179	243
179	276
179	697
179	714
179	959
179	1009
179	1011
180	181
180	186
180	212
180	214
180	230
180	303
180	647
181	182
181	183
181	212
181	213
181	217
181	243
181	245
181	250
181	304
181	336
181	338
181	341
181	441
181	524
181	937
181	981
182	183
182	214
182	247
183	184
183	208
183	214
183	215
183	217
183	278
183	326
183	825
183	886
183	1011
183	1013
184	185
184	192
184	216
184	218
184	249
185	186
185	217
185	250
185	409
185	500
185	953
185	974
186	187
186	218
186	250
186	280
186	377
186	410
186	442
186	460
186	679
186	914
186	984
187	188
187	219
187	285
187	854
188	189
188	220
188	246
188	437
188	1019
189	190
189	221
189	255
189	318
189	1015
190	191
190	209
190	222
190	255
190	318
190	331
190	350
190	509
190	889
191	223
191	805
192	193
192	196
192	198
192	203
192	223
192	224
192	225
192	226
192	228
192	229
192	250
192	255
192	287
192	288
192	305
192	642
192	963
193	194
193	225
193	739
194	195
194	198
194	225
194	226
194	391
194	421
195	196
195	227
195	665
196	197
196	225
196	228
196	255
196	359
196	889
196	891
196	967
197	198
197	229
197	230
197	259
197	392
198	199
198	226
198	230
198	297
198	305
198	417
198	935
198	1016
199	200
199	231
199	389
199	547
200	201
200	231
200	232
200	233
200	238
200	353
200	397
200	552
200	645
200	677
200	969
201	202
201	233
201	235
201	300
201	513
202	203
202	213
202	234
202	235
203	204
203	230
203	235
203	269
203	303
203	331
203	581
203	871
204	205
204	236
204	250
204	390
204	850
205	206
205	207
205	212
205	231
205	236
205	237
205	239
205	268
205	272
205	301
205	365
205	367
205	461
205	522
205	625
205	658
205	760
205	875
205	943
206	207
206	224
206	238
206	284
207	208
207	239
207	621
207	662
208	209
208	240
208	241
209	210
209	241
209	345
209	407
210	211
210	242
210	398
211	212
211	241
211	242
211	243
211	249
211	284
211	301
211	344
211	813
212	213
212	214
212	239
212	244
212	245
212	247
212	321
212	332
212	594
212	647
213	214
213	223
213	245
213	310
213	329
213	434
213	473
214	215
214	216
214	246
214	247
214	270
214	341
214	342
214	345
214	502
214	981
215	216
215	241
215	247
215	432
216	217
216	245
216	246
216	247
216	248
216	249
216	250
216	280
216	504
216	579
216	621
217	218
217	249
217	589
217	607
218	219
218	249
218	250
218	442
219	220
219	222
219	251
219	281
219	419
220	221
220	252
220	314
220	350
221	222
221	249
221	250
221	253
221	255
222	223
222	247
222	254
222	256
222	793
222	828
222	833
223	224
223	255
223	314
223	351
223	414
224	225
224	255
224	256
224	321
224	420
224	517
225	226
225	227
225	257
225	271
225	280
225	289
225	291
225	295
225	321
225	354
225	369
225	377
225	384
225	399
225	636
225	738
226	227
226	258
226	455
226	467
226	951
226	965
227	228
227	259
227	292
227	357
227	520
228	229
228	230
228	233
228	260
228	292
228	350
228	902
229	230
229	261
229	556
230	231
230	232
230	247
230	261
230	262
230	263
230	281
230	303
230	324
230	357
230	359
230	390
230	717
230	875
231	232
231	260
231	263
231	292
231	357
232	233
232	264
232	322
233	234
233	265
233	266
233	272
233	304
233	328
233	424
233	523
233	732
234	235
234	266
234	328
234	330
234	335
235	236
235	237
235	267
235	268
235	288
235	328
235	458
235	558
236	237
236	247
236	268
236	299
236	305
236	331
236	396
237	238
237	269
237	332
237	337
237	399
237	507
238	239
238	244
238	247
238	270
238	702
238	805
239	240
239	268
239	271
240	241
240	272
241	242
241	272
241	273
241	275
241	305
241	306
241	338
241	350
241	391
241	431
241	567
241	663
241	1010
242	243
242	271
242	273
242	274
242	276
243	244
243	274
243	275
243	309
243	565
243	624
243	724
243	975
244	245
244	276
244	364
244	372
245	246
245	272
245	277
245	309
245	314
246	247
246	255
246	278
246	281
246	389
246	802
246	950
247	248
247	249
247	273
247	279
247	284
247	304
247	310
247	312
247	344
247	346
247	375
247	460
247	471
247	600
247	638
247	723
247	797
247	812
247	909
247	932
247	949
247	975
247	1005
247	1019
248	249
248	250
248	280
248	281
248	408
248	600
248	857
248	1021
249	250
249	252
249	253
249	256
249	257
249	280
249	281
249	300
249	313
249	314
249	345
249	376
249	379
249	441
249	473
249	526
249	530
249	628
249	669
249	811
249	838
249	946
250	251
250	252
250	253
250	258
250	277
250	278
250	280
250	281
250	282
250	283
250	310
250	312
250	314
250	372
250	439
250	462
250	509
250	654
250	819
250	871
250	922
251	252
251	283
251	285
252	253
252	284
252	285
252	349
253	254
253	255
253	285
253	330
253	349
254	255
254	286
254	527
255	256
255	257
255	262
255	286
255	287
255	301
255	317
255	351
255	406
255	479
255	638
255	844
255	956
256	257
256	263
256	287
256	288
256	316
256	328
256	359
256	405
256	429
256	578
257	258
257	289
257	300
257	321
257	392
257	667
258	259
258	290
258	482
259	260
259	291
259	320
259	350
259	419
259	510
259	575
259	679
259	684
259	803
260	261
260	292
261	262
261	291
261	293
261	326
262	263
262	294
262	391
262	462
262	676
263	264
263	291
263	294
263	295
263	302
263	357
264	265
264	296
264	484
265	266
265	297
265	298
265	401
265	524
266	267
266	298
266	300
266	466
266	898
267	268
267	299
267	329
267	331
268	269
268	300
268	303
268	330
268	363
268	366
268	391
268	524
268	682
268	914
268	954
269	270
269	301
269	336
270	271
270	302
271	272
271	303
271	332
271	335
271	425
272	273
272	304
272	334
272	364
272	680
273	274
273	275
273	305
273	342
273	368
273	659
274	275
274	302
274	306
274	309
274	331
274	335
274	367
274	979
275	276
275	307
276	277
276	308
276	375
276	523
277	278
277	309
277	350
277	465
278	279
278	310
278	375
278	441
279	280
279	308
279	311
279	341
279	662
279	797
280	281
280	312
281	282
281	292
281	313
281	315
281	439
281	602
281	661
282	283
282	284
282	305
282	314
282	536
283	284
283	285
283	292
283	315
283	508
284	285
284	286
284	316
284	349
284	465
284	909
285	286
285	293
285	317
285	347
285	414
285	535
285	687
286	287
286	318
286	349
286	571
287	319
287	320
287	376
287	966
288	289
288	319
288	320
288	321
288	450
288	922
289	290
289	321
289	458
289	507
289	567
290	291
290	292
290	322
290	359
291	292
291	293
291	322
291	323
291	354
291	411
291	426
291	448
291	529
291	708
291	966
292	293
292	320
292	324
292	351
292	388
292	389
292	417
292	484
292	506
292	934
292	963
292	994
292	996
293	294
293	325
293	326
293	458
294	295
294	298
294	326
294	708
294	805
295	296
295	327
295	350
295	391
295	680
296	297
296	328
296	329
296	357
296	360
296	391
296	396
296	457
296	460
296	489
296	530
296	902
297	298
297	326
297	329
298	299
298	301
298	319
298	330
298	331
298	332
298	362
298	402
298	419
298	424
298	529
298	725
299	300
299	302
299	330
299	331
299	332
300	301
300	303
300	332
300	400
301	302
301	327
301	333
301	336
301	431
301	458
301	906
301	940
301	965
302	303
302	304
302	309
302	334
302	336
302	655
302	884
303	304
303	335
303	366
303	397
303	476
303	813
303	1016
304	305
304	336
304	368
304	402
304	560
304	687
305	306
305	337
305	374
305	401
305	433
305	979
306	307
306	338
306	370
306	406
306	621
307	308
307	313
307	339
308	309
308	311
308	340
308	498
308	660
308	757
309	310
309	328
309	340
309	341
309	534
309	563
310	311
310	342
310	406
311	312
311	343
312	313
312	344
312	375
312	376
312	567
312	600
312	879
313	314
313	345
313	410
313	536
314	315
314	342
314	346
314	415
314	607
314	728
315	316
315	344
315	347
315	350
315	572
316	317
316	348
316	350
316	409
316	702
317	318
317	349
317	350
317	416
317	513
317	567
318	319
318	350
318	376
318	414
318	478
319	351
319	513
319	677
320	321
320	350
320	351
320	352
321	322
321	353
321	416
321	539
322	323
322	354
322	414
322	896
323	324
323	333
323	355
323	391
323	702
324	325
324	349
324	356
325	326
325	357
325	678
325	794
326	327
326	332
326	358
326	758
326	997
327	328
327	332
327	359
327	665
327	767
328	329
328	330
328	359
328	360
328	387
328	422
328	424
328	448
328	608
329	330
329	331
329	359
329	361
329	363
329	393
329	458
329	502
329	811
330	331
330	335
330	357
330	360
330	361
330	362
330	392
330	393
330	395
330	396
330	427
330	456
330	457
330	943
331	332
331	363
331	364
331	395
331	397
331	399
331	435
331	552
332	333
332	364
332	402
332	525
332	670
332	876
333	334
333	365
333	431
333	465
334	335
334	366
334	429
335	336
335	367
335	368
335	391
335	430
335	432
335	466
335	912
336	337
336	368
336	437
336	908
337	338
337	368
337	369
337	399
337	432
337	498
338	339
338	364
338	370
339	340
339	341
339	371
339	386
339	607
340	341
340	372
341	342
341	365
341	368
341	373
342	343
342	374
342	404
342	407
342	409
342	466
342	504
342	631
342	667
342	786
343	344
343	375
344	345
344	375
344	376
344	525
345	346
345	377
345	378
345	513
345	607
346	347
346	378
346	507
346	709
347	348
347	350
347	379
348	349
348	380
348	414
348	478
348	513
348	925
349	350
349	380
349	381
349	414
349	415
349	563
349	607
350	351
350	373
350	382
350	383
350	384
350	411
350	413
350	414
350	452
350	475
350	481
350	511
350	530
350	542
350	569
350	908
350	959
351	383
351	555
351	603
351	760
351	924
352	353
352	383
352	384
352	414
353	354
353	381
353	385
354	355
354	386
354	392
354	457
354	487
354	822
354	1020
355	356
355	387
355	392
355	465
355	579
356	357
356	388
356	389
356	391
356	417
356	492
357	358
357	387
357	388
357	389
357	390
357	395
357	419
357	421
357	424
357	480
357	482
357	758
357	873
357	898
357	937
357	1018
358	359
358	387
358	389
358	390
358	392
358	414
358	419
358	432
358	496
358	586
359	360
359	363
359	385
359	391
359	392
359	435
359	558
359	618
359	665
360	361
360	388
360	391
360	392
360	552
361	362
361	393
361	399
361	457
361	877
362	363
362	368
362	394
362	424
363	364
363	395
363	396
363	425
363	786
364	365
364	368
364	391
364	395
364	396
364	397
364	652
365	366
365	397
365	399
366	367
366	398
366	775
367	368
367	396
367	399
368	369
368	377
368	400
368	432
368	433
368	465
368	577
369	370
369	374
369	399
369	401
369	403
369	432
369	563
370	371
370	402
370	458
370	498
370	516
370	560
370	631
371	372
371	403
372	373
372	375
372	396
372	404
372	713
373	374
373	405
373	600
374	375
374	406
374	408
374	437
374	439
374	598
374	757
374	840
375	376
375	402
375	407
375	438
375	445
375	472
375	527
375	567
375	663
375	712
375	822
376	377
376	408
376	416
376	466
376	690
376	885
376	956
377	378
377	409
377	442
377	445
378	379
378	410
378	443
379	380
379	411
379	438
379	441
379	506
379	740
380	381
380	412
380	567
381	382
381	413
382	383
382	385
382	414
382	544
382	602
382	687
383	415
384	385
384	415
384	416
384	542
384	544
384	677
385	386
385	396
385	417
385	963
386	387
386	389
386	404
386	415
386	418
386	449
386	450
386	487
386	507
387	388
387	391
387	419
387	420
387	446
387	451
387	513
388	389
388	419
388	420
388	425
388	499
388	544
388	580
388	615
388	637
388	670
388	706
388	709
389	390
389	418
389	421
389	422
389	485
389	520
389	682
389	966
390	391
390	422
390	455
390	495
390	896
391	392
391	394
391	422
391	423
391	456
391	516
391	556
391	579
391	623
391	650
391	652
391	742
391	809
392	393
392	424
392	432
392	456
392	551
392	578
392	676
392	680
392	787
393	394
393	425
394	395
394	396
394	426
394	458
394	521
394	526
394	791
395	396
395	397
395	427
395	431
395	523
395	621
395	654
395	872
395	879
396	397
396	398
396	423
396	427
396	428
396	429
396	431
396	462
396	469
396	484
396	500
396	552
396	555
396	653
396	689
396	814
396	841
396	987
397	398
397	429
397	458
397	647
398	399
398	430
398	432
398	436
398	518
398	776
399	400
399	401
399	431
399	432
399	495
399	496
399	556
399	627
399	945
400	401
400	432
400	723
401	402
401	433
401	997
402	403
402	408
402	434
402	788
403	404
403	432
403	433
403	435
403	531
403	796
404	405
404	432
404	436
405	406
405	437
405	438
405	495
405	507
405	567
406	407
406	437
406	438
406	589
406	630
407	408
407	413
407	432
407	437
407	439
407	442
407	531
407	575
408	409
408	440
409	410
409	411
409	441
409	504
409	509
409	572
410	411
410	442
410	444
411	412
411	443
411	444
411	571
412	413
412	442
412	444
412	507
412	661
412	1018
413	414
413	445
413	468
414	415
414	445
414	446
414	447
414	451
414	455
414	457
414	475
414	479
414	480
414	511
414	542
414	575
414	586
414	604
414	697
414	708
414	767
414	829
414	906
414	989
414	1023
415	447
415	702
415	735
416	417
416	447
416	448
416	475
416	478
416	610
416	805
417	418
417	449
417	461
417	479
417	507
417	544
417	579
417	605
418	419
418	450
418	578
419	420
419	449
419	451
419	578
419	803
419	819
420	421
420	449
420	452
420	498
421	422
421	453
421	517
421	550
422	423
422	454
422	465
422	714
423	424
423	425
423	455
423	460
424	425
424	456
424	517
424	523
425	426
425	457
425	458
425	718
426	427
426	458
427	428
427	438
427	459
427	544
427	552
427	579
427	940
428	429
428	460
428	526
428	553
428	556
429	430
429	431
429	461
429	890
430	431
430	462
430	526
430	638
431	432
431	433
431	463
431	498
432	433
432	434
432	435
432	462
432	463
432	464
432	465
432	469
432	484
432	497
432	524
432	567
432	571
432	591
432	592
432	599
432	717
432	766
432	903
433	434
433	465
433	470
433	610
433	723
434	435
434	466
434	785
435	436
435	467
435	960
436	437
436	438
436	465
436	467
436	468
436	499
436	502
436	528
436	531
436	638
436	667
437	438
437	469
437	472
437	502
438	439
438	470
438	503
438	534
438	565
438	568
439	440
439	471
439	500
439	504
439	567
439	824
440	441
440	472
440	727
441	442
441	444
441	472
441	473
441	498
441	504
441	507
441	572
442	443
442	453
442	473
442	474
442	475
442	476
442	506
442	544
442	548
442	602
442	703
442	708
442	815
442	882
442	988
443	444
443	475
443	476
443	502
443	798
444	445
444	476
444	737
445	446
445	465
445	477
445	507
445	668
445	899
446	447
446	478
446	509
446	541
447	465
447	478
447	479
447	519
447	627
447	830
448	449
448	479
448	480
448	526
448	531
448	575
449	450
449	451
449	479
449	481
449	482
449	501
449	578
450	451
450	471
450	482
450	513
450	544
450	547
450	630
450	702
451	452
451	483
451	513
451	579
451	737
452	453
452	484
452	520
453	454
453	484
453	485
453	513
453	579
453	582
454	455
454	486
454	506
455	456
455	487
456	457
456	458
456	488
456	540
456	687
457	458
457	489
457	523
458	459
458	460
458	462
458	490
458	540
458	551
458	553
459	460
459	491
460	461
460	492
460	524
460	531
461	462
461	464
461	473
461	493
461	558
461	588
462	463
462	494
462	526
462	592
462	658
463	464
463	495
463	552
463	876
464	465
464	496
464	567
465	466
465	497
465	502
465	557
465	561
465	594
465	651
465	654
465	721
465	949
466	467
466	498
466	519
466	568
466	978
467	468
467	499
467	536
467	540
468	469
468	500
468	534
468	599
468	617
468	637
469	470
469	472
469	501
469	770
470	471
470	502
471	472
471	502
471	503
471	504
471	506
471	536
471	563
471	665
472	473
472	479
472	495
472	501
472	503
472	504
472	536
472	727
473	474
473	505
473	506
473	605
473	731
474	475
474	499
474	506
474	508
474	513
474	538
474	696
475	476
475	507
475	508
475	509
476	477
476	507
476	508
476	665
476	957
477	478
477	509
477	512
477	536
478	479
478	510
478	657
478	822
478	831
479	511
479	513
479	543
479	607
479	662
479	667
479	672
480	481
480	510
480	511
480	512
480	543
480	545
480	607
480	639
481	482
481	507
481	513
482	483
482	514
482	644
482	833
483	484
483	512
483	513
483	515
483	577
483	644
483	776
484	485
484	516
484	517
484	548
484	620
484	677
485	486
485	517
485	579
485	676
486	487
486	518
486	526
487	488
487	513
487	519
487	520
487	643
487	656
487	680
488	489
488	520
488	647
488	717
488	815
489	490
489	517
489	521
489	560
489	578
489	587
489	670
490	491
490	498
490	522
490	579
490	733
491	492
491	499
491	502
491	522
491	523
491	524
491	555
491	556
491	668
492	493
492	524
492	526
492	829
492	1001
493	494
493	495
493	525
493	661
494	495
494	521
494	526
494	527
494	644
495	496
495	498
495	527
495	553
495	591
495	654
495	749
495	973
496	497
496	527
496	528
496	547
496	562
496	679
496	992
497	498
497	529
497	562
497	649
498	499
498	510
498	530
498	539
498	540
498	561
498	563
498	625
498	642
498	663
498	701
498	717
499	500
499	531
499	765
499	921
500	501
500	532
500	564
500	638
500	643
500	656
500	819
500	822
501	502
501	522
501	531
501	533
501	536
502	503
502	533
502	534
502	536
502	563
502	569
502	602
502	622
502	687
502	833
502	997
503	504
503	506
503	535
503	536
503	556
503	593
503	728
504	505
504	507
504	509
504	533
504	536
504	587
504	770
505	506
505	534
505	536
505	537
506	507
506	529
506	538
506	567
506	647
506	733
507	508
507	513
507	539
507	566
507	600
507	602
507	829
507	925
507	981
508	509
508	540
508	541
508	603
508	922
508	983
509	510
509	541
509	546
509	755
509	857
510	511
510	542
510	693
511	542
511	543
511	691
512	513
512	543
512	544
512	578
513	514
513	515
513	520
513	543
513	544
513	545
513	575
513	577
513	595
513	606
513	670
513	717
513	770
513	800
513	802
513	896
514	515
514	546
514	912
515	516
515	542
515	547
515	639
515	765
515	836
516	517
516	548
516	549
516	554
516	645
516	682
516	879
516	905
517	518
517	549
517	550
517	552
517	553
517	591
517	613
517	647
517	675
517	704
517	862
517	928
518	519
518	522
518	550
518	552
519	520
519	551
519	558
520	521
520	552
520	581
520	617
520	647
521	522
521	524
521	552
521	553
521	556
521	743
521	775
522	523
522	554
522	929
523	524
523	551
523	553
523	554
523	555
523	643
523	650
523	746
524	525
524	526
524	556
525	526
525	557
526	527
526	528
526	558
526	575
526	785
526	801
526	912
526	950
526	984
527	528
527	559
527	560
527	596
527	623
527	657
527	687
528	529
528	547
528	560
528	615
528	665
528	677
528	686
528	727
528	811
529	530
529	560
529	561
529	594
530	531
530	562
530	565
530	661
530	677
531	532
531	534
531	562
531	563
531	600
531	694
531	914
532	533
532	538
532	563
532	564
532	598
532	927
533	534
533	565
533	567
533	661
533	673
534	535
534	565
534	566
534	665
535	536
535	567
535	594
536	537
536	542
536	552
536	568
536	582
536	675
536	703
536	708
536	756
536	759
536	792
536	820
536	896
537	538
537	569
537	702
537	922
538	539
538	547
538	570
538	600
539	540
539	571
539	668
539	670
539	794
540	541
540	572
540	607
541	542
541	572
541	573
541	578
542	543
542	574
542	603
542	606
542	649
543	544
543	575
543	576
543	581
543	636
543	639
543	682
543	775
543	893
544	545
544	547
544	575
544	576
544	579
544	607
544	608
544	700
545	546
545	577
545	607
545	641
545	738
546	547
546	578
546	579
546	621
546	640
546	643
546	700
546	801
547	548
547	551
547	572
547	577
547	578
547	579
547	580
547	702
547	763
547	803
547	804
547	916
547	993
548	549
548	580
548	773
548	776
549	550
549	552
549	581
549	638
549	644
550	551
550	579
550	581
550	582
551	552
551	583
551	613
551	638
551	647
551	676
551	798
552	553
552	554
552	555
552	583
552	584
552	590
552	617
552	618
552	626
552	673
552	696
552	805
552	916
553	554
553	579
553	585
553	586
553	588
553	647
553	649
553	677
553	869
554	555
554	560
554	586
554	856
554	956
555	556
555	587
555	621
556	557
556	588
556	677
556	844
556	892
557	558
557	589
558	559
558	590
558	591
559	560
559	570
559	588
559	591
559	685
560	561
560	562
560	565
560	589
560	592
560	602
560	621
560	682
560	719
560	787
560	817
561	562
561	563
561	593
561	623
562	563
562	594
562	624
562	630
563	564
563	593
563	594
563	595
563	659
563	689
563	816
563	853
564	565
564	596
564	631
564	661
564	717
564	906
564	909
565	566
565	567
565	597
565	600
565	647
566	567
566	598
566	630
566	660
567	568
567	572
567	599
567	600
567	602
567	631
567	660
567	664
567	694
567	696
567	736
568	569
568	575
568	600
569	570
569	573
569	601
569	657
570	571
570	602
570	612
570	626
570	630
570	657
570	742
570	800
571	572
571	603
571	630
572	573
572	603
572	604
572	605
572	636
572	665
572	700
572	702
573	574
573	605
573	892
574	575
574	606
574	607
574	763
575	606
575	607
575	700
575	703
575	734
575	816
576	577
576	578
576	607
576	608
576	638
577	578
577	607
577	609
577	640
577	641
577	702
578	579
578	610
578	611
578	641
578	643
578	665
578	673
578	674
578	675
578	712
579	580
579	581
579	582
579	605
579	611
579	617
579	620
579	641
579	645
579	647
579	671
579	676
579	702
579	744
579	749
579	797
579	969
580	581
580	612
580	642
581	582
581	613
581	614
581	687
581	775
581	802
581	992
582	583
582	614
582	676
582	714
583	584
583	615
583	647
583	680
583	805
584	585
584	616
584	647
584	648
585	586
585	588
585	617
585	621
585	627
585	829
586	587
586	618
586	646
586	650
586	676
586	807
587	588
587	619
587	621
587	674
587	857
588	589
588	620
588	621
588	629
588	677
588	719
588	748
588	749
588	828
589	590
589	592
589	593
589	620
589	621
589	622
589	718
589	873
590	591
590	622
590	655
590	660
590	783
591	592
591	623
591	687
591	713
592	593
592	597
592	624
592	654
592	675
592	752
593	594
593	600
593	625
593	656
593	657
593	661
593	668
593	718
594	595
594	626
594	985
595	596
595	602
595	625
595	627
595	692
595	763
596	597
596	628
596	631
597	598
597	629
597	630
597	685
597	690
597	700
597	874
598	599
598	600
598	630
598	694
599	600
599	607
599	630
599	631
599	822
600	601
600	602
600	603
600	631
600	632
600	633
600	660
600	663
600	696
600	697
600	699
600	727
600	728
600	791
600	928
601	602
601	622
601	633
602	603
602	607
602	634
602	637
602	956
603	604
603	635
603	964
603	1017
604	605
604	636
605	606
605	607
605	637
605	667
605	795
606	607
606	638
606	673
606	702
606	733
607	608
607	613
607	630
607	637
607	638
607	639
607	665
607	668
607	703
607	705
607	738
607	765
607	826
607	930
607	991
608	609
608	639
608	640
608	641
608	642
608	704
608	730
608	737
608	774
609	610
609	641
609	652
610	611
610	638
610	641
610	642
610	645
610	771
610	805
610	912
611	612
611	641
611	643
611	676
611	770
611	1018
612	613
612	614
612	644
612	650
612	674
612	932
613	614
613	643
613	645
613	647
613	674
613	677
613	679
613	809
614	615
614	646
614	648
614	909
615	616
615	621
615	642
615	647
615	676
615	782
616	617
616	647
616	648
616	649
616	680
616	684
616	713
617	618
617	649
617	650
617	680
617	749
618	619
618	621
618	650
619	620
619	648
619	650
619	651
619	800
620	621
620	642
620	652
621	622
621	629
621	653
621	655
621	657
621	660
621	685
621	717
621	745
621	813
621	845
622	623
622	652
622	654
622	655
622	685
622	698
622	751
623	624
623	654
623	655
623	667
623	680
623	685
623	717
624	625
624	630
624	654
624	656
624	665
624	720
624	805
624	940
625	626
625	657
625	720
625	819
626	627
626	630
626	658
627	628
627	647
627	659
627	661
628	629
628	660
628	661
628	665
628	714
628	735
629	630
629	661
630	631
630	661
630	662
630	691
630	857
630	913
630	949
631	632
631	633
631	663
631	665
631	693
631	728
631	759
631	762
631	831
631	920
632	633
632	664
633	634
633	665
633	700
633	750
633	772
634	635
634	639
634	666
634	667
634	795
634	922
635	636
635	638
635	667
635	687
635	700
635	731
635	763
635	782
635	891
636	637
636	668
636	767
636	836
637	638
637	669
637	833
638	639
638	669
638	670
638	696
638	697
638	701
638	702
638	735
638	762
638	765
638	822
638	833
638	986
639	671
639	703
639	737
639	768
639	800
639	833
640	641
640	667
640	669
640	670
640	671
640	672
640	676
640	862
640	901
640	1020
641	642
641	644
641	667
641	671
641	673
641	708
641	712
641	737
641	892
641	962
642	643
642	644
642	674
642	694
642	866
642	1018
643	644
643	647
643	650
643	673
643	674
643	675
643	676
643	677
643	701
643	731
643	732
643	802
644	645
644	646
644	676
644	707
644	709
644	715
644	737
644	838
644	860
644	899
645	646
645	647
645	677
645	714
645	741
645	775
645	873
646	647
646	676
646	678
646	680
646	737
647	648
647	649
647	679
647	680
647	685
647	742
647	743
647	744
647	769
647	772
647	809
647	874
647	890
647	932
647	954
648	649
648	670
648	680
648	873
649	650
649	680
649	681
649	713
649	777
649	861
650	651
650	667
650	682
650	744
650	819
650	822
651	652
651	683
651	685
651	717
652	653
652	680
652	684
652	842
653	654
653	685
654	655
654	686
654	846
654	895
655	656
655	686
655	687
655	717
655	785
656	657
656	688
657	658
657	684
657	689
657	723
657	752
657	819
657	875
658	659
658	660
658	661
658	687
658	690
658	723
658	768
659	660
659	661
659	691
659	776
659	787
659	817
660	661
660	662
660	663
660	692
660	724
660	786
660	857
660	995
661	662
661	663
661	670
661	692
661	693
661	708
661	726
661	727
661	750
661	760
661	786
661	817
661	980
662	663
662	692
662	694
662	695
662	793
662	822
662	882
663	664
663	666
663	673
663	695
663	727
664	665
664	696
664	728
664	791
664	795
664	818
664	826
665	666
665	667
665	697
665	763
665	890
665	1009
666	667
666	698
666	829
667	668
667	673
667	699
667	739
667	795
667	830
667	987
667	990
668	669
668	700
668	702
668	829
668	928
668	992
669	670
669	701
669	702
669	893
670	671
670	702
670	761
670	811
671	697
671	703
672	673
672	677
672	703
672	704
672	960
673	674
673	704
673	705
673	708
673	735
674	675
674	676
674	677
674	702
674	706
674	708
674	767
674	794
674	799
674	871
674	930
674	1001
675	676
675	677
675	707
675	742
676	677
676	678
676	705
676	706
676	708
676	713
676	741
676	764
676	774
676	782
676	871
676	934
677	678
677	680
677	681
677	682
677	685
677	709
677	710
677	711
677	713
677	752
677	774
677	795
677	801
677	808
677	871
677	899
678	679
678	709
678	710
678	742
678	802
679	680
679	711
679	713
679	745
680	681
680	682
680	685
680	686
680	701
680	706
680	712
680	714
680	722
680	739
680	742
680	775
680	843
680	901
680	902
680	1005
681	682
681	713
681	838
681	871
681	968
682	683
682	713
682	714
682	841
683	684
683	685
683	714
683	715
683	717
683	748
683	749
684	685
684	687
684	716
684	899
685	686
685	717
685	809
685	842
685	849
686	687
686	718
686	820
687	688
687	689
687	715
687	718
687	719
687	723
687	737
687	756
687	786
687	814
687	875
687	879
687	881
688	689
688	720
689	690
689	692
689	717
689	721
689	751
690	691
690	698
690	720
690	722
690	817
690	1008
691	692
691	723
692	693
692	694
692	709
692	724
692	757
692	902
692	912
692	1021
693	694
693	724
693	725
693	819
693	853
694	695
694	697
694	698
694	723
694	726
694	756
694	791
694	817
694	825
695	696
695	727
695	858
695	921
696	697
696	728
696	824
696	921
697	698
697	729
697	738
697	857
698	699
698	730
699	700
699	724
699	731
700	701
700	702
700	732
700	733
700	735
700	759
700	763
700	770
700	775
700	885
700	888
701	702
701	703
701	733
701	735
701	755
701	761
701	763
702	703
702	733
702	734
702	735
702	759
702	765
702	767
702	799
702	801
702	829
702	893
702	991
703	704
703	735
703	763
703	766
703	768
703	799
703	833
704	705
704	734
704	735
704	736
704	767
705	706
705	737
705	829
705	865
706	707
706	737
706	738
707	708
707	709
707	729
707	739
707	771
707	826
707	966
708	709
708	740
708	743
708	777
708	799
708	932
709	710
709	711
709	715
709	741
709	774
709	800
709	902
710	711
710	742
710	743
710	778
710	871
711	712
711	742
711	743
711	776
711	805
711	899
712	713
712	714
712	743
712	744
712	999
713	714
713	715
713	745
713	746
713	757
713	782
713	787
713	805
713	841
713	844
713	871
713	898
713	940
714	715
714	744
714	746
714	750
714	767
715	716
715	747
715	811
715	873
716	717
716	719
716	748
716	753
716	871
717	718
717	719
717	744
717	749
717	750
717	776
717	780
717	888
717	1002
718	719
718	750
718	783
719	720
719	751
719	801
720	721
720	752
720	757
720	817
720	863
720	873
721	722
721	753
721	785
722	723
722	724
722	754
722	935
723	724
723	725
723	749
723	755
723	884
723	968
724	725
724	752
724	756
724	825
724	891
725	726
725	735
725	755
725	756
725	757
725	851
725	853
726	727
726	731
726	758
726	822
727	728
727	729
727	759
727	765
727	822
728	729
728	759
728	760
728	833
728	865
729	730
729	761
730	731
730	733
730	762
731	732
731	759
731	763
731	786
731	829
732	733
732	764
732	892
732	906
733	734
733	763
733	764
733	765
733	796
733	956
734	735
734	762
734	763
734	764
734	766
735	759
735	766
735	767
735	894
735	903
735	968
736	737
736	767
736	768
737	738
737	745
737	769
737	863
738	739
738	770
738	829
738	1023
739	740
739	760
739	771
740	741
740	772
740	805
741	742
741	743
741	773
742	743
742	744
742	771
742	774
742	775
742	776
742	838
742	898
742	902
742	1002
743	744
743	771
743	772
743	775
744	745
744	776
744	808
744	848
744	879
745	746
745	775
745	777
746	747
746	777
746	778
746	873
747	748
747	779
748	749
748	775
748	779
748	780
748	809
748	915
748	952
749	750
749	781
749	782
750	751
750	782
750	785
751	752
751	754
751	757
751	783
751	846
751	1006
752	753
752	776
752	784
752	785
752	825
752	900
753	754
753	785
753	817
753	1012
754	755
754	786
754	824
755	756
755	787
755	819
755	882
755	886
756	757
756	788
756	797
756	885
756	950
757	758
757	789
757	802
757	921
758	759
758	761
758	768
758	790
758	811
758	819
758	899
759	760
759	790
759	791
759	792
759	795
759	810
759	823
760	761
760	792
760	1017
761	762
761	763
761	793
761	795
761	827
761	846
762	763
762	764
762	792
762	794
762	826
762	829
762	884
762	886
762	924
763	764
763	765
763	793
763	795
763	827
763	932
763	933
763	953
763	991
763	1018
764	765
764	795
764	796
764	819
764	827
764	831
765	766
765	796
765	797
765	829
766	767
766	797
766	798
767	794
767	799
767	805
767	833
768	769
768	770
768	771
768	799
768	800
768	833
769	770
769	801
769	805
770	771
770	802
770	804
770	876
770	932
771	772
771	802
771	803
771	805
771	835
771	899
772	773
772	801
772	803
772	804
772	836
772	867
772	869
772	873
773	774
773	776
773	805
773	960
774	775
774	777
774	806
774	914
775	776
775	777
775	807
775	808
775	827
775	839
775	872
775	873
775	901
776	777
776	808
776	809
776	928
776	936
776	965
776	969
777	778
777	809
777	839
777	842
777	871
777	900
778	779
778	809
778	810
778	813
779	780
779	788
779	811
779	842
779	873
779	879
780	781
780	812
780	940
781	782
781	800
781	809
781	813
781	814
781	815
781	909
782	783
782	784
782	814
782	816
782	818
782	826
782	845
782	909
782	1009
783	784
783	785
783	786
783	815
783	819
783	843
783	862
783	916
784	785
784	787
784	816
784	822
784	848
785	786
785	817
785	818
786	787
786	788
786	814
786	818
786	821
786	838
787	788
787	819
787	884
788	789
788	820
788	952
789	790
789	791
789	818
789	820
789	821
789	857
789	890
790	791
790	822
791	792
791	823
791	899
792	793
792	824
792	829
792	856
793	794
793	825
793	853
793	854
794	795
794	822
794	826
794	829
795	796
795	798
795	824
795	826
795	827
795	926
795	1002
796	797
796	817
796	828
796	829
797	798
797	829
797	830
797	831
797	914
797	988
798	799
798	828
798	830
798	1022
799	831
800	801
800	805
800	831
800	832
800	958
801	802
801	833
801	836
801	863
801	864
801	865
801	891
801	895
801	930
802	803
802	834
802	835
802	865
802	866
802	930
802	996
803	804
803	806
803	835
803	861
803	871
803	898
804	805
804	836
804	837
804	839
804	947
805	806
805	807
805	809
805	837
805	838
805	840
805	842
805	858
805	869
805	871
805	894
805	931
805	937
805	996
805	998
806	807
806	838
806	894
807	808
807	836
807	839
807	901
808	809
808	840
808	875
808	892
808	893
809	810
809	811
809	813
809	815
809	838
809	841
809	963
810	811
810	812
810	842
810	871
810	874
810	973
810	976
811	812
811	822
811	843
811	850
812	813
812	844
812	845
813	814
813	845
814	815
814	846
814	873
814	878
814	936
815	816
815	817
815	847
815	941
815	1010
816	817
816	848
817	818
817	819
817	821
817	822
817	849
817	875
817	880
817	881
817	943
817	1019
818	819
818	850
818	858
818	875
818	879
818	947
818	952
819	820
819	821
819	850
819	851
819	852
819	855
819	883
819	885
819	910
819	913
819	925
820	821
820	852
820	916
821	822
821	853
821	886
822	823
822	825
822	826
822	851
822	853
822	854
822	858
822	885
822	886
822	888
822	916
822	919
822	921
822	951
822	981
822	982
822	1022
823	824
823	855
823	916
824	825
824	855
824	856
824	892
824	893
824	982
825	826
825	828
825	856
825	857
826	827
826	828
826	858
826	892
826	953
827	828
827	829
827	859
827	966
828	829
828	857
828	858
828	860
828	890
828	892
828	956
829	830
829	831
829	833
829	858
829	861
829	862
829	870
829	891
829	892
829	893
830	831
830	861
830	862
831	833
831	863
831	866
831	928
832	833
832	863
832	864
833	834
833	863
833	865
833	898
833	993
834	835
834	865
834	866
834	899
835	836
835	838
835	865
835	867
835	875
835	930
835	994
835	999
836	837
836	838
836	841
836	865
836	868
836	897
836	903
836	906
836	931
836	954
836	966
836	979
836	993
836	1017
837	838
837	869
837	871
837	905
837	1001
838	839
838	840
838	841
838	870
838	871
838	898
838	935
838	956
839	840
839	857
839	871
839	902
840	841
840	871
840	872
840	968
841	842
841	868
841	873
841	1003
842	843
842	846
842	874
842	907
843	844
843	875
844	845
844	876
845	846
845	873
845	876
845	877
845	880
845	916
846	847
846	848
846	849
846	852
846	853
846	873
846	876
846	877
846	878
846	879
846	912
846	913
846	968
846	972
846	978
847	848
847	879
847	911
848	849
848	880
848	943
849	850
849	881
849	909
849	916
850	851
850	882
851	852
851	853
851	883
851	915
852	853
852	884
852	920
853	854
853	855
853	885
853	915
853	918
853	978
854	855
854	856
854	886
855	856
855	857
855	887
855	899
855	901
855	954
856	857
856	860
856	888
856	922
857	858
857	859
857	885
857	889
857	914
857	922
857	953
857	1019
858	859
858	887
858	890
858	891
858	892
858	922
859	860
859	891
860	861
860	892
860	953
861	862
861	893
861	912
861	921
861	990
862	863
862	867
862	894
863	895
863	902
863	929
863	959
864	865
864	895
864	896
864	994
865	866
865	894
865	897
865	928
865	939
865	992
865	1022
865	1023
866	867
866	871
866	893
866	898
867	868
867	888
867	899
867	933
867	956
868	869
868	871
868	873
868	900
868	968
868	998
869	870
869	901
869	973
870	871
870	875
870	902
870	966
870	998
871	872
871	873
871	874
871	897
871	902
871	903
871	907
871	912
871	914
871	934
871	935
871	936
871	970
871	989
871	994
871	1021
872	873
872	876
872	903
872	904
873	874
873	875
873	905
873	909
873	910
873	915
873	937
873	962
873	969
873	989
873	997
873	1005
874	875
874	906
874	907
874	908
874	938
874	947
874	964
874	1000
875	876
875	907
875	933
875	938
875	967
875	968
876	877
876	905
876	908
876	940
876	941
877	878
877	909
877	915
877	1003
878	879
878	910
879	880
879	911
879	943
879	975
879	1012
880	881
880	882
880	911
880	912
880	942
880	976
880	978
881	882
881	912
881	913
882	883
882	906
882	914
883	884
883	885
883	914
883	915
883	980
884	885
884	915
884	916
885	886
885	917
885	918
885	932
885	980
886	887
886	918
886	921
886	957
887	888
887	912
887	919
888	889
888	920
888	952
888	954
889	890
889	892
889	921
889	1018
890	891
890	922
891	892
891	894
891	915
891	923
891	952
891	956
891	1008
892	893
892	924
892	954
892	1020
893	894
893	898
893	925
893	926
893	956
893	964
893	990
893	997
894	895
894	926
895	927
895	931
895	1023
896	897
896	905
896	927
896	928
896	929
896	959
896	961
896	968
896	1002
897	898
897	929
897	962
898	899
898	900
898	930
898	931
898	934
898	987
899	900
899	924
899	930
899	931
899	963
899	1020
900	901
900	922
900	929
900	931
900	932
901	902
901	933
902	903
902	904
902	909
902	934
902	941
903	904
903	905
903	935
903	966
903	998
903	1002
904	905
904	906
904	936
904	972
905	906
905	936
905	937
905	939
905	999
906	907
906	908
906	938
906	975
906	983
906	1004
907	908
907	909
907	935
907	936
907	939
907	971
907	972
907	1002
908	909
908	912
908	940
908	973
909	910
909	911
909	940
909	941
909	944
909	949
909	973
910	911
910	942
910	968
911	912
911	943
911	974
912	913
912	944
913	914
913	945
914	915
914	946
915	916
915	947
916	917
916	948
917	918
917	921
917	949
918	919
918	950
919	920
919	951
919	953
920	921
920	952
921	922
921	952
921	953
922	923
922	924
922	953
922	954
922	956
923	924
923	954
923	955
923	958
923	960
924	925
924	926
924	954
924	956
924	989
925	926
925	954
925	956
925	957
925	992
926	927
926	958
927	953
927	959
927	965
928	929
928	959
928	960
929	930
929	959
929	960
929	961
929	991
929	1022
930	931
930	962
931	932
931	963
932	933
932	934
932	964
933	934
933	965
934	935
934	937
934	966
935	936
935	960
935	966
935	967
936	937
936	967
936	968
937	938
937	969
937	990
938	939
938	940
938	968
938	970
938	1002
939	940
939	971
940	941
940	971
940	972
940	1005
941	942
941	973
942	943
942	974
942	976
943	944
943	975
943	983
944	945
944	976
944	977
945	946
945	947
945	977
946	947
946	978
946	1010
947	948
947	979
948	949
948	980
949	950
949	981
949	983
950	951
950	982
951	952
951	983
952	953
952	984
953	954
953	959
953	985
953	992
954	955
954	986
955	956
955	987
956	957
956	988
957	958
957	989
957	1019
958	959
958	990
959	991
960	961
960	972
960	991
960	992
960	993
960	994
960	1021
961	962
961	993
961	1023
962	963
962	992
962	994
962	999
963	964
963	968
963	995
963	1020
964	965
964	996
964	998
965	966
965	997
965	998
966	967
966	968
966	969
966	977
966	994
966	998
966	1001
967	968
967	997
967	999
968	969
968	971
968	976
968	987
968	1000
969	970
969	1001
969	1002
970	971
970	1002
971	972
971	1003
972	973
972	1002
972	1004
973	974
973	1005
974	975
974	1006
975	976
975	1007
976	977
976	1002
976	1005
976	1008
977	978
977	1009
978	979
978	1009
978	1010
979	980
979	1011
980	981
980	1012
981	982
981	1013
982	983
982	984
982	1014
982	1017
983	984
983	1015
984	985
984	1016
985	986
985	1017
985	1018
986	987
986	1018
987	988
987	1019
988	989
988	1020
989	990
989	1021
990	991
990	992
990	1021
990	1022
991	1021
991	1023
992	993
992	1019
992	1023
993	994
993	1018
994	995
995	996
995	998
995	1023
996	997
996	998
997	998
998	999
999	1000
1000	1001
1001	1002
1002	1003
1002	1013
1003	1004
1004	1005
1005	1006
1006	1007
1007	1008
1008	1009
1009	1010
1010	1011
1010	1016
1011	1012
1012	1013
1013	1014
1014	1015
1015	1016
1016	1017
1016	1019
1017	1018
1017	1020
1018	1019
1019	1020
1020	1021
1021	1022
1022	1023
