SW48,r_hop_max-1-uniform,1
2300 
2283 
2267 
2251 
2234 
2202 
2185 
2137 
2130 
2119 2261 
2117 
2113 2160 2161 2162 
2107 
2074 2116 2121 
2055 2102 2104 2249 
1630 1775 1873 2061 
1691 1874 1963 
706 755 899 
682 683 778 826 863 874 875 876 922 927 971 976 1097 1120 1175 1401 1479 1636 
839 841 
1978 
722 1232 1279 1280 1282 1327 1328 1329 1376 1466 1567 2069 2099 2164 
225 273 278 1628 
648 
617 618 
1082 1422 1471 1519 
365 508 
535 
1059 1156 1165 1222 1489 
316 1660 1708 1853 
1259 2216 
1817 
555 556 603 651 
492 539 540 588 
530 
117 879 1256 1260 1303 1354 1402 1404 1448 1450 1451 1942 1975 2290 
524 
113 251 
1398 1576 1621 1671 1672 1673 1720 
668 1050 
265 312 313 361 457 994 2188 
596 
506 2141 
586 
499 1369 1642 1657 2123 
593 637 684 685 735 
672 1019 1114 1161 1162 1163 1210 
156 203 625 1016 
995 1042 1044 1091 1092 1491 1566 
468 670 953 2155 
459 502 599 643 671 696 697 747 885 892 1172 
595 1239 1251 1393 1434 1487 
460 691 794 843 891 1133 1518 1614 
456 
633 
1997 2093 
605 
908 
1309 1356 1357 1358 1498 
1062 
505 
147 148 149 195 196 197 202 240 244 245 253 287 291 334 335 385 606 1015 1400 1543 1634 1730 1923 2264 
2263 
435 688 690 733 737 738 739 786 
9 344 428 517 659 661 708 709 710 711 757 758 760 861 1003 1204 1706 
2203 
394 869 870 
347 967 1018 1063 
384 478 669 692 827 866 912 960 961 1007 1008 1851 
379 815 862 909 910 1085 1485 1687 1768 
424 426 549 
665 712 761 808 
364 458 579 
520 521 569 
430 2059 2060 2108 
299 300 308 360 397 398 400 401 447 654 720 829 970 
133 1469 
355 
349 1344 1346 1391 
1283 1331 1379 
340 498 534 581 582 630 631 2010 
1090 
553 
1955 2004 
332 378 
566 
327 
1534 
1878 
346 
784 831 832 833 880 1121 
991 
306 889 1021 1736 1788 1834 1835 1884 1890 1936 1976 
779 
667 1289 1336 1337 1338 1385 1819 
1907 
703 1281 
676 
396 500 597 641 644 645 646 686 689 693 790 2007 
589 734 
675 824 871 872 873 1646 1837 
1728 2026 2077 
363 410 411 655 
1670 
449 494 626 
293 297 298 342 345 392 438 443 529 578 822 1836 2168 
1009 
290 339 387 436 437 483 484 485 486 522 532 533 551 585 587 1076 2299 
886 888 
215 305 1998 2166 2213 2215 2218 2260 2265 
698 789 
272 417 461 463 464 509 510 511 512 558 559 721 2139 2301 
538 580 583 632 680 681 728 1205 1257 
270 1341 1653 2103 2150 2151 2152 2199 
427 
942 990 1123 
1477 2056 2097 2146 2149 2194 
304 352 353 451 
528 
107 154 1869 2076 2183 2219 
988 
163 210 211 212 259 560 
217 731 
571 
237 285 
254 302 350 
1922 
622 
129 177 2042 
303 527 2125 2172 2174 
49 
47 226 983 1643 1662 1757 1758 1804 1805 1806 1807 1808 1852 1854 1902 
72 2274 2275 
1506 1555 
45 181 188 231 233 266 280 281 282 329 376 473 615 620 628 806 2114 2247 
41 88 89 90 137 2147 
570 619 666 
37 79 323 938 1367 1547 2096 2143 2144 2190 2192 2243 
455 634 1160 1171 1348 1505 1553 1591 1602 1604 1650 1651 1747 1986 2005 2297 
1220 1221 1236 
61 2223 
1 42 
1739 
338 386 
66 67 68 70 115 167 598 
161 256 257 2186 
1927 2023 2070 
445 602 923 965 1012 1013 1014 1061 
1669 1716 1717 1718 1765 2148 
229 328 
77 124 126 
1661 1710 1899 1900 1946 1947 1948 1949 1950 1996 2094 2106 
1142 
18 25 26 30 705 1439 1981 1991 2084 2131 2231 2232 2233 2235 2280 
1229 1278 1517 
10 53 55 56 58 105 106 153 155 168 171 200 248 333 777 814 955 977 1355 1624 1753 1829 1877 2217 2286 2292 
480 2022 
127 
2101 
158 865 914 956 1055 1058 1105 1106 1107 1117 1130 1148 1153 1154 1155 1203 1732 1879 
1299 
31 125 172 173 174 175 221 1180 
664 792 989 992 1036 1037 1084 1230 
409 
109 193 817 1478 1554 1849 1944 1989 1990 2037 2038 2039 2078 2080 2085 2086 2090 2133 2134 2136 2171 2214 
996 
189 234 238 2252 
81 2092 
562 610 
375 
23 359 
717 764 766 
1918 
2196 
561 608 656 
594 694 
1436 1483 1484 
1790 1838 1839 1886 
2031 2087 2135 
5 100 102 
882 
152 1973 
987 1100 1371 
2165 
29 206 2043 
321 326 422 469 470 471 472 518 519 564 699 812 890 1192 1858 
74 
38 1637 1910 1912 1959 2242 
568 713 
20 118 714 1652 1914 
1525 
184 232 
48 95 98 141 143 292 374 377 380 2303 
242 1302 1304 1306 1352 
950 
6 11 12 13 14 60 65 108 162 444 612 1129 1536 1982 2173 2182 2212 2221 2222 2225 2226 2268 2269 2270 2282 
21 2180 2184 2227 2229 2276 2277 2278 
69 119 330 984 1237 1470 1581 
51 315 600 741 836 911 1127 1173 1178 1223 
591 638 639 640 
33 80 166 2288 
78 
1937 1979 
372 413 414 415 462 523 2193 
1115 1116 1164 1476 
3 7 
121 
525 572 573 574 621 
104 2054 
718 771 772 818 819 867 1010 1342 
1627 2197 
497 883 884 930 931 932 934 978 979 1074 
465 
781 
4 2210 2259 
22 
2220 
584 
54 103 150 
1573 
864 924 964 1103 1104 1150 1151 1152 1198 1199 1200 1202 1247 1248 1249 1345 1392 1426 1538 1582 1675 1677 1724 
64 1715 
906 1433 1480 1482 1529 1530 1532 1885 
780 
75 199 1166 1983 2030 2079 2126 2127 2128 2175 2176 2228 
1462 1516 1556 
2291 
1939 1987 2181 
1956 1957 2008 
1227 
2011 
1590 
243 1870 
27 408 1755 1756 1795 1802 1803 1875 1898 1952 
224 1752 2002 2049 
1587 1683 1779 1827 
552 
1313 1315 
122 128 797 844 845 846 893 940 1041 
228 937 985 1033 1034 1081 1224 1994 2091 
50 1774 1821 
1411 
362 793 840 
92 139 185 2266 
715 
255 
958 
1440 
513 1182 
35 39 76 85 87 183 1310 1626 1633 2200 2245 2246 2248 2250 2293 2296 
1605 
1040 1475 1526 1571 1572 
1158 1207 
1374 1512 
482 490 491 493 542 
96 855 1353 1964 2014 2110 2157 2158 2159 2205 2206 
1777 1780 1787 
0 337 383 476 2201 
477 
1763 1810 1859 
216 309 310 319 348 356 357 358 404 986 1060 
816 
114 
1403 1631 1632 1678 1679 1680 1727 1822 
209 627 
182 1813 
43 97 239 
1285 1428 1435 
897 902 949 951 1138 
123 1524 2036 2129 
1620 1668 
624 1244 1340 1343 1387 1389 1390 1442 
859 
230 421 
130 1722 2003 2050 2051 2052 2053 
132 160 180 274 275 277 314 322 324 325 373 604 803 813 1857 2000 2098 2132 
1438 
250 307 439 446 
15 1351 2071 2271 2273 
136 1388 1531 1674 1714 1721 1723 1725 1726 1770 
24 73 2281 
140 674 677 2012 2062 2100 2154 2253 2254 2255 
151 246 301 381 389 1496 
34 86 
286 1919 1967 1968 1972 2015 2063 2204 2209 
601 650 
1316 
159 391 
261 
2284 
1941 
135 187 236 769 2163 
112 164 213 2236 
93 138 429 
194 1269 1589 
1169 1213 
649 847 849 894 895 896 939 943 1287 
957 
590 
2285 2287 
134 222 223 2189 
1676 
190 431 
423 
1139 1141 
673 759 807 975 1317 
1288 1629 1771 1772 1773 1820 
1945 2138 2140 2187 
204 1848 1894 1897 
207 354 402 403 450 
545 592 
120 288 289 382 1176 
219 
235 283 284 331 
28 1603 
972 
169 507 
1143 
241 1086 1580 
1826 
247 294 295 296 341 343 531 2167 2207 2239 2262 
837 
925 
46 91 94 2302 
101 198 249 351 393 399 425 440 441 442 487 488 489 526 536 537 541 563 575 679 687 773 775 787 917 928 963 1305 1638 1966 
40 805 1094 
432 433 434 479 481 719 903 
258 547 785 834 929 
1291 1332 1339 1380 
186 504 611 642 658 660 707 753 853 907 1095 1254 2122 
954 
252 926 974 1023 1064 1068 1070 1122 1308 1619 1649 
723 724 
1245 
725 765 811 825 
1692 
276 2191 2237 2238 2240 2289 
730 1495 
1818 2257 2294 
1168 1219 
736 
740 788 
635 636 729 
742 744 791 838 1896 
732 783 
746 1184 
59 62 110 111 157 201 546 2230 
756 802 
516 663 752 754 782 804 820 850 851 856 901 944 946 948 997 998 1032 1038 1137 1140 1196 
762 810 1147 1186 
770 
809 857 858 905 
565 613 
776 919 1111 1112 1159 1211 1217 
799 800 848 
1045 1378 1425 
567 614 616 629 
1699 1741 1746 
576 763 
828 900 993 1231 1234 1286 1324 1423 1569 1570 1615 1617 1618 1663 1665 1666 1667 1796 2006 2241 
19 371 418 419 420 467 515 801 2088 
830 
57 142 144 145 146 191 192 1197 1486 
852 1372 1375 1377 1384 1424 1481 1585 1908 
854 
877 1135 1174 1263 1264 1271 1321 1359 1407 1437 1453 1454 1455 1456 1457 1458 1459 1461 1502 1503 1504 1507 1616 1686 1880 
881 1029 1077 1078 1124 1125 1238 
860 952 999 1000 1001 1048 
973 
406 
887 1043 1179 1270 1319 1659 
1928 1977 
898 
904 1002 1049 1051 1868 
1415 1416 1789 1792 1844 2178 
279 
913 
318 1136 1183 1185 
920 1381 1405 1406 1452 1492 1501 2068 
1608 1609 1656 1704 2089 
933 980 1252 1557 
1494 
407 1149 
945 1233 
1685 1926 2013 2016 2064 2065 2111 2112 
959 1006 
981 1028 1030 
982 
1004 1005 1052 1053 
1017 1035 1065 1066 1113 1253 
678 726 727 774 
1463 
1472 1550 
1020 1067 1069 
1022 1500 1509 1561 1562 1563 1564 1611 
1046 
1024 
63 
179 227 
1623 2115 
1031 1079 
1047 
1054 
1056 1295 
44 99 
1057 1318 1511 1515 1558 1559 1560 1607 1654 1655 
577 
1071 1072 1118 1119 1218 1707 
1073 
1539 
317 320 366 367 368 369 370 416 466 657 947 
1075 1126 1131 
1187 1188 1189 
1080 1177 1208 1226 1274 1276 1323 1418 1465 1514 
1985 2032 2033 2034 2081 
1083 
1625 
1087 1088 
1093 1096 1098 1144 1145 1146 1241 
1099 
1101 
16 165 405 452 453 454 501 647 
1108 1298 
1109 
220 267 268 269 271 
170 262 263 264 311 550 941 
1089 1565 1664 
1293 
388 390 2142 
1606 1749 
1132 1510 1610 1705 1754 1801 1932 1934 
205 2208 2224 2272 
1225 1695 1737 1783 1831 1832 1917 1925 1974 2258 
1134 
1167 1658 1698 1742 1791 1891 1980 2083 
1190 
1527 
1194 1195 
2256 
1201 1250 1297 
1206 1420 1586 1682 
1209 1347 1396 1397 1445 1542 
1268 
1212 1552 1599 1600 1601 1645 1648 1696 2044 
1214 
2045 
1025 1026 1027 1128 1170 
1215 
1216 1578 
1228 
716 1191 1193 1330 
1235 1441 
514 
71 
214 1312 
1240 1577 
1242 
1965 
395 2170 2211 
1508 
1243 1290 1292 
868 916 918 1157 1688 
1255 1447 1533 1535 1639 1640 2179 
1258 
1262 1719 1815 1861 1862 1863 1864 1911 
1272 1273 1320 1368 
1275 
1497 1644 1694 
1284 1855 
1300 1301 1349 
1781 
821 921 968 
1307 1544 1689 1734 1735 1782 1953 
1399 
1311 1540 1867 1916 2058 
1568 1713 1760 1761 1762 1764 1809 
1892 
1314 1361 1362 1363 1410 1938 
1333 1429 
1921 1970 2017 2018 2019 2066 2295 
1350 
935 1261 1265 1266 1267 
1360 
503 915 962 1011 1102 1622 
1579 
1364 1365 1366 1412 1413 1414 1701 
1382 1430 
1386 1474 1521 1522 1523 1528 
1394 
8 
1933 1935 
218 412 548 554 607 609 653 695 700 701 704 745 748 795 796 842 936 1766 2153 
1395 1729 
1541 
1408 
1409 
1417 1464 1513 
966 969 1443 
1733 1825 1830 1833 1881 1882 1929 2073 
1883 2027 2028 
557 
1419 1468 
1421 
208 
1427 1473 1612 
2124 
1444 
1246 
1446 
623 1294 
1449 
1460 1467 1693 1709 1750 1751 1798 1799 1800 1846 1847 1943 
767 768 
1488 1776 1824 1871 1872 
1493 1681 1920 
1537 1583 1584 1778 
1546 1647 1690 1697 1793 1794 1840 1841 1842 1888 1889 1893 
1432 
1277 1325 1326 1373 
1548 1594 
260 
17 32 823 835 1296 1322 1490 1499 1545 1592 1593 1595 1641 1738 1740 1785 2040 
1110 1334 1335 1383 1635 
1954 
1549 1551 1596 1597 1598 
1574 1909 1958 
878 
1575 1702 1703 
1588 
336 652 662 702 743 749 750 751 798 1039 1370 
1613 
1684 
36 82 83 131 178 
1700 1748 2082 
52 1520 1797 2001 2195 2244 
1731 
1743 1744 
1745 
1767 1843 1850 1904 1999 2025 2046 2047 2048 2095 2145 2198 
1181 
1992 1993 
1769 
1784 1931 
1786 1913 1960 1961 1962 2009 2057 2105 
1814 1816 2156 
1823 
448 495 496 543 544 
1828 1876 1924 
1845 1895 1984 2075 
1811 1812 1860 
1865 
1887 
2177 
1901 
1915 
1930 
1940 
1969 
1971 2020 2067 2298 
84 176 1431 1856 1866 1903 1905 1906 1951 1995 2109 2279 
1988 2035 
2 1711 1712 1759 
474 475 
116 
2021 
2024 2072 2120 2169 
2029 2118 
2041 
