SW64,r_hop_max-1-uniform,1
4086 
4069 
4016 4017 
3974 
3970 4034 
3968 
4089 
3936 
3925 3988 3989 
3943 
3924 
3921 
3850 
3836 
3818 
3809 
3800 
3778 3847 3912 
3767 3897 3960 
3766 3831 3894 3895 3896 
3760 
3720 
3717 3782 3845 
3694 
3630 
3610 3681 3692 3747 3748 3749 3812 3899 
3585 3648 3649 3712 3713 3777 
3573 
3552 3615 
3540 
3536 
3525 
3523 
3520 
3494 3685 3686 3750 
3476 3674 
3474 3538 
3715 3910 
3473 
3509 3510 
3444 
3414 3415 3416 3479 
3603 3955 
3409 
3400 
3392 3454 3455 3582 3964 4014 
3386 
3358 3422 3426 3485 3486 3487 3488 3550 3553 3862 4066 
3352 3428 3734 
3350 3874 
3341 3405 3469 4002 
3338 
3337 
3330 3333 
3320 
3299 
3851 3907 
3840 3903 
3329 3387 3458 
3293 3356 3421 
3280 3281 
3274 
3273 3625 
3270 3272 
3268 
3237 
3236 3361 3746 
3218 
3198 3199 3263 
3191 3365 
3189 
3182 
3172 
3157 3220 3221 3222 
3146 3424 3527 3589 3590 3591 3650 
3133 3135 3262 3264 3325 3326 3327 3390 3597 
3118 3366 3495 
3112 
3105 3168 3169 3233 3537 
3024 3391 
3022 3087 3343 
2993 3057 3061 3121 3128 
2963 
2938 
2920 3181 3245 3246 3309 
2919 3499 3598 
2899 
2893 
2879 3764 3770 3833 3834 3835 3898 4028 
2873 2912 2975 2976 2977 2979 3039 3040 3359 
2854 
2852 2915 2916 2917 2980 2982 3104 
3574 
2836 3798 3856 3858 
4019 4021 
2814 
2786 3152 3217 
2773 3296 3297 3678 
2750 2813 
3596 
3078 3206 3207 3275 
2742 
2736 2860 3568 3631 3632 3633 3634 3695 3696 3888 
2687 
2683 
2673 2791 2858 2859 2862 2989 
2670 
2682 
2669 2800 2863 
2661 2724 2725 
2654 
2653 2716 2718 2719 2779 2781 2782 2972 
2649 3102 3166 3230 3232 3490 
2636 
2635 
3984 
3890 3953 
2634 
2626 
3113 
2625 3009 3266 3323 3578 3652 
2623 3388 
2622 2956 3083 3084 3085 
2612 2613 2614 2677 
2608 
2605 2737 3757 
2589 
3292 
2588 2780 
2580 2644 2708 
2561 
2554 2616 2617 2997 
3716 3719 3779 3780 3781 3843 3844 3961 4031 
2548 
2544 2609 
2540 
2618 3017 3081 3143 3210 
2513 2576 2640 2643 2706 2768 2770 
2510 2574 2575 2638 2894 
2934 2998 
2506 3402 3466 3584 
2504 2953 2970 3037 3101 
2488 2678 2681 2739 2744 2745 2746 2808 2809 2811 2914 
3558 
2485 
2480 2550 2738 3926 
2478 2542 2543 
2453 2455 
2447 
2436 3930 3993 3994 3995 4058 
2435 2498 2499 2500 2563 2639 
2427 2753 2816 2817 
2399 3411 
2385 3804 3806 3810 3872 3999 
2380 2630 3144 3397 
2367 
3216 3722 3785 3786 
2361 2489 
2490 
2360 
2354 
2335 2527 2528 2529 
2331 2397 2442 2461 2462 2525 
2326 3035 3096 3099 3100 
2322 2393 2456 2457 2583 
3197 
2311 2375 2439 2632 2821 2892 
2305 2432 2477 2496 2497 2559 2560 2825 3276 
2258 
2394 
2249 2301 2313 2377 2441 3145 
2246 2308 
3011 3136 3188 
2234 2297 2298 2299 2362 2426 3756 
2229 2291 2294 
2223 2225 2287 
2216 2537 2600 2602 2665 
2215 3179 
2204 2907 2908 2909 3036 
3244 3363 3555 3623 3624 3687 3688 3689 3753 3801 
2810 2875 
2198 
2196 2838 2901 2966 3029 3032 3151 3282 3287 
2187 2250 2251 2252 2314 2315 2316 2445 2642 2769 
2185 
2171 2415 
2160 
2144 2208 
2139 2533 2974 
2127 
2125 2444 
3175 
2712 2856 2967 2968 3031 3156 3159 3635 
2119 
2105 2116 2168 2231 2233 2359 
2104 2679 2680 2743 2923 3023 3060 
2102 
2843 
2097 2228 2368 2428 2491 2553 
2949 
2407 2409 2411 2474 
2086 2290 
2073 2129 2621 
2243 2502 
2182 2521 3732 
2072 2330 
2069 2126 2189 2190 2191 2253 2255 
4042 
2051 2247 2310 2570 
2237 2992 3000 3187 3251 3252 3315 
2042 
2037 
2043 
2036 2112 2353 2366 2429 2430 2431 2440 2494 2558 3088 4038 
2606 
2030 
2830 
2324 2387 2388 2389 2452 2518 
2018 
2004 
3811 
2538 2672 2735 
2000 2260 2267 2321 2323 2325 2517 2646 
1984 1987 2115 2175 2180 2306 2372 2390 
1981 
1971 2423 
3819 
1970 
3260 
1927 
2383 2384 
2289 
1926 3052 3178 3231 3241 3242 3243 3306 3560 3783 
1910 2555 2556 
1909 2590 
3676 
1889 2592 2655 2657 2720 2801 
1887 
1885 2577 2684 2685 2741 2747 2748 2749 2812 2815 2877 2937 3211 3332 
1882 1947 
3062 3177 3240 
1881 1946 
3548 
1880 
1863 2564 2565 2567 2578 2627 2628 2692 
1862 
1860 1925 
3913 3976 
1858 
1842 1904 1905 1906 1969 
1897 1962 2095 2150 3577 3640 
1830 2898 
1818 2266 
2035 2929 3126 3127 3190 
1810 1873 1938 
1796 1797 1798 1861 
2269 2334 
1794 2373 2376 2698 2761 2762 2763 2765 2826 2891 3021 3082 3401 
1978 2045 
1788 1853 
2918 
1782 1845 1846 
1778 2085 2149 
1776 2595 2660 2723 
1774 2352 2535 
1766 
1760 1823 
1752 
1734 1920 1930 2183 
3477 3670 
1721 2027 2282 2283 2344 2345 2346 2347 2404 2410 2463 2472 2603 
1720 1723 
1709 
3704 3768 
1707 1777 2219 2220 2232 2284 2406 2607 
1693 
1691 2242 2307 2365 2369 2370 2437 3464 3986 
1674 2788 2851 
1673 1800 1801 1802 1865 
1671 1710 
2235 
1669 
1665 
1894 1958 
1655 1718 1841 1918 1919 2046 2047 2050 2108 2109 2110 2111 2364 2615 3184 3971 
3075 3203 
1839 
1653 1697 2083 2146 2704 
3546 
1650 1713 1714 2165 
1649 
1640 3561 3751 3816 3882 
2794 2857 2922 3114 
1639 1702 1704 
1635 1651 1716 1779 1780 1781 1844 1864 
1626 1698 1834 1960 1961 2023 2024 2025 2088 2090 
1610 
1606 2318 2695 2696 2758 2759 2760 2823 2824 2881 3467 3654 
531 
1506 2084 2141 2142 2143 2194 2202 2207 2270 2276 2848 
529 2098 2161 2162 2163 2226 2419 
1286 
525 1814 1877 1940 1941 1942 2005 2130 2261 2584 
391 
521 584 647 648 649 650 838 1224 
506 1140 1205 
493 
484 
3827 
2206 
453 1445 1959 1965 2156 2158 
516 1351 
3645 
2145 
1643 1771 
799 862 863 927 978 
447 698 761 762 763 820 826 
795 1463 3382 3759 3761 3825 3826 
1154 1411 
2944 3008 3302 
443 451 2659 3355 3475 3729 3792 3793 3794 3857 3923 
468 530 593 595 658 
420 
416 418 481 
413 466 471 524 534 535 1047 2044 2887 4027 4052 
3349 3472 3544 3607 3609 3736 
3261 3324 3389 
2007 
1913 2686 3066 
411 
133 563 565 626 627 628 691 693 3205 
1149 3038 3042 
2587 2651 
1583 1585 1648 
402 
1993 2947 3259 3271 3334 3335 3336 3399 
1784 
548 1058 
1613 1677 1742 
389 515 576 578 579 580 585 643 1223 
59 61 
387 448 513 577 695 715 1280 3758 
197 198 
433 498 561 
722 
2705 
378 1082 1793 
375 
349 606 
1475 1923 
374 884 885 1275 1399 1449 
2378 
108 3822 4012 4075 4077 
364 3646 3755 
351 
3408 3613 3672 3675 3738 3739 3803 
136 3861 
340 344 408 
441 1197 
339 1003 1059 1122 1123 1124 1187 1316 1379 3431 
1039 1319 1458 1521 1522 1524 1586 3004 
327 
326 
3176 
325 390 456 519 520 958 2438 
3204 
1555 
496 
317 4029 
310 
250 3588 3702 3765 3830 
203 2019 2273 2336 2337 2401 2593 3425 
309 438 499 500 
304 3393 
296 
2733 2861 
463 
1093 
1008 1009 1073 1074 1132 1324 1332 2647 2876 
1291 1783 2566 2568 2694 2757 2822 2886 
293 
479 668 734 801 864 928 991 992 993 1056 1060 1080 3048 
3505 3569 3698 
462 590 
292 940 
2849 
285 286 410 477 872 1323 
239 
1 716 718 781 782 846 847 971 
3982 
2296 
1497 1625 
294 638 1384 1447 1455 1512 1513 1706 2087 2728 3684 
277 
276 
1837 
216 1632 
274 1647 3802 3865 3867 
1434 2100 3300 3362 3492 3556 3557 3620 
271 2153 2865 2928 3508 
2467 2468 2469 2532 
497 737 3025 3089 3090 3091 3093 3154 3668 3741 
478 1902 
2552 3450 
38 79 158 159 160 167 223 224 225 287 288 343 633 1492 2847 3813 3932 3937 
328 775 811 819 894 
2775 2790 
1202 
289 350 354 355 417 736 3170 
1169 1436 1544 1607 1608 1609 1672 1679 3209 3521 
16 3092 3545 3731 3922 3987 
268 269 332 
48 
1002 
2414 3427 
109 
3879 3880 
37 39 40 102 104 230 486 3877 4070 
357 
1203 1204 1268 1331 1394 1400 1459 1518 1921 1972 2099 3647 3878 3938 
30 92 4062 4063 
474 794 
637 
3641 
2990 3053 
2842 
804 868 935 3876 
3503 
259 
368 
454 1403 2063 2872 3412 3463 3727 3849 3854 3855 3920 
245 
3364 3429 3496 
2610 2611 
1983 
1375 3148 3212 3213 3406 3979 
821 886 887 
1762 2244 
1456 1457 1520 1657 1743 
2079 2274 2520 2585 2961 
243 307 558 
140 
4025 
2524 3407 3470 3471 3535 
1799 1817 1986 
483 
2131 2195 2551 
118 2416 2418 2481 2486 2546 
74 138 139 713 839 866 1355 3269 3911 4039 
527 1826 1827 1888 1895 1953 1954 1955 2020 2082 
46 614 675 739 742 754 806 861 869 870 871 879 933 934 937 990 994 1000 1064 1125 2417 3637 
1634 1641 
379 399 570 571 632 634 635 636 699 767 827 891 1467 1711 
33 2398 3621 3939 4003 4004 4060 4067 
2582 
671 1769 1836 2089 2166 3174 
600 665 
314 371 434 436 2188 
1485 1619 
53 4018 4081 4082 
1741 
1057 1249 1440 
365 3823 3886 3919 3951 
956 
49 877 943 
3013 3015 3076 3644 3901 
2619 
338 541 542 
78 129 141 142 143 149 206 333 492 1558 3791 
21 51 176 
1739 1804 1809 
423 488 551 552 791 3871 
177 841 1033 1094 1157 1158 1221 1222 1480 
596 
43 101 173 560 3887 3941 3952 
1414 
42 
77 
164 553 823 1195 1453 1708 1908 2031 2157 2222 2285 2292 2348 2349 2350 2351 2412 2413 2422 2464 2531 2601 2668 2671 2676 2734 2926 2985 2987 3745 
2515 2905 
1317 
1578 1900 1964 2154 2159 2176 
1917 1980 
25 785 853 854 914 917 918 980 981 
36 2503 
1166 
17 1767 1963 2026 2028 2091 2092 2155 2268 
2152 2402 2466 2530 2850 
341 362 403 404 405 406 469 1271 3671 
11 601 985 2714 2844 2945 2959 3033 3034 3097 3098 3160 3165 3214 3227 3295 3342 3413 3481 3612 
2386 2514 
115 117 3703 
421 
18 20 83 84 85 147 148 211 272 323 533 1425 
308 1694 2075 2151 2279 2405 2867 3265 3769 
52 2885 3774 3775 3837 3838 3839 3902 
264 3149 3277 3542 
1242 1243 
132 134 322 386 449 450 514 657 1335 2541 3714 
2579 2832 2833 2897 2902 2962 
697 
709 
8 70 71 72 73 135 3449 
660 2699 2958 3086 
507 508 
1568 
66 131 263 315 3398 
1129 2664 3374 
28 
3797 3799 
412 424 427 489 681 2774 
617 618 619 996 
2443 2507 2571 
86 213 457 1753 2703 3860 
452 986 987 1046 1049 
401 2964 3079 3140 3141 3142 
35 95 96 161 280 352 353 926 1045 2829 3167 3549 3866 
566 
1402 1465 1466 1530 
14 15 76 205 275 1945 2448 3983 3985 4047 
237 
360 677 678 679 746 1318 
1838 2181 2633 2697 2702 2764 
824 1076 
144 4049 
425 485 490 
2492 2740 2807 2869 2870 2871 2931 2935 3012 3257 3948 
229 336 1235 1299 1300 1302 1362 1363 1427 
1146 1208 1272 1273 2363 
4006 
241 512 575 639 703 3153 
12 
2792 3192 
240 888 1148 2709 
1097 
361 
2167 2483 2805 3319 3381 3383 3384 3385 3636 3705 
82 3360 3554 3618 
113 588 598 661 663 726 812 1104 1179 
1529 1675 1848 1911 1976 
231 377 
439 502 504 567 568 
1068 1975 2038 2039 2173 2309 3131 
34 3873 
31 
710 832 899 905 962 963 964 1023 1026 1027 1090 
22 3853 3916 3918 3929 
1937 1939 2002 2065 2066 2067 2068 2169 2193 2328 2357 2957 3605 
87 157 347 2501 3434 3484 3737 3790 3875 3933 3996 3997 3998 4061 
605 680 1570 
23 1236 
3733 
3248 3258 3311 3460 
170 4005 
437 503 574 631 764 825 829 889 890 892 950 953 954 955 1018 1019 1084 1198 1421 1645 1912 3028 
1212 1276 1339 1340 1404 2238 
2241 
2040 3161 3162 3163 3224 3225 3226 3289 3404 3740 
1409 
2236 
137 200 201 202 265 266 2999 
29 1283 2691 2754 2755 2756 2818 2819 2820 3049 
1495 1561 1624 1690 1816 1822 2136 2200 2495 
915 
1270 1333 1461 1588 2286 3130 3884 
3534 3599 3600 3728 
1642 
47 110 1128 3693 4015 4078 4079 4080 
1152 1472 1536 1599 1600 1667 1726 
1220 2395 2666 4007 4013 4071 4073 4076 
2711 
473 720 784 848 976 
2536 3832 3900 3963 
1006 1038 1451 1514 1515 1516 1579 
3533 
1596 1659 1660 1661 1664 1724 1787 
168 227 480 544 733 995 1184 3962 
2048 2049 2178 
809 1189 
63 1432 
555 620 
60 64 122 123 124 125 188 191 204 440 1731 3522 4032 
56 
80 
1359 1422 
81 348 587 837 1178 1751 1754 1812 1813 1875 1876 2381 3677 
776 1611 
476 
376 
88 150 151 152 212 215 278 482 922 3991 
209 
218 
2239 2797 2799 3267 
89 1106 1170 1171 1172 
505 1722 1785 1786 1850 
153 155 156 220 221 284 414 536 604 748 
65 
26 407 1024 3868 
664 725 727 729 792 2288 2470 2806 
112 
1085 
178 179 181 244 1533 1966 3957 
2895 3344 
2177 2240 
1303 1365 1366 1367 1368 1431 1593 2074 2333 3669 
27 154 
126 190 312 319 562 572 642 4040 
2751 2941 3002 3328 3446 3452 3453 3515 3516 3517 3518 3580 3581 3772 3908 
254 
19 1943 2882 2883 2884 2948 
171 342 358 494 2785 2925 2995 3138 3219 3294 3559 3563 3564 3608 3626 3627 3628 3629 3690 3691 3820 4010 
1180 2034 2101 2355 2420 2484 
3572 
3456 3583 
2217 
99 100 
383 3710 3711 3763 3771 
1081 
57 121 690 768 3447 3959 4022 4023 4024 4087 
1325 
3132 3459 
1828 1891 1892 1893 1956 
442 
282 712 975 3595 3616 3659 3662 3663 3701 3723 3724 
249 303 
2896 3027 
625 688 
105 1547 1849 2476 2845 3619 3683 3808 
432 594 1487 2458 2586 2597 2656 2778 2903 2965 2969 3286 3291 3353 3445 3483 3547 
106 2787 2911 2981 3046 3301 
107 233 367 369 589 623 745 753 755 818 875 880 1005 1007 1151 1250 1256 1392 1398 3829 
2093 2604 2667 2717 2730 2731 2732 2793 2795 2796 
1269 1528 
1545 1676 1737 1924 1931 1991 1992 2055 2056 2120 2174 2312 2508 2569 2629 3080 
45 557 3762 
789 
419 1177 1241 1360 1883 
186 313 
111 251 297 298 299 966 1750 3436 
1582 
1034 1994 2057 2058 2059 2121 2122 
2032 
1444 
2132 2133 2134 2197 2263 
1982 
103 345 346 621 723 783 786 787 788 844 851 860 913 916 979 1491 1936 3171 3864 
232 295 356 359 744 
1229 
2837 
800 1112 1770 1772 1833 1835 1840 1898 1899 2012 
2 3706 3776 
172 235 236 300 
127 128 193 194 195 255 256 261 318 320 321 384 385 396 501 511 546 831 1099 3883 
2988 
1678 1744 1857 1872 1998 1999 2001 2061 2064 
475 538 539 540 603 907 1334 2277 3497 4050 
1029 
3975 
330 334 392 393 394 395 458 3977 
130 1288 3158 3215 3457 3461 3526 3592 3593 3655 3656 3657 3658 3660 3708 3721 3848 3914 
4 5 6 69 965 3071 3653 4037 
174 302 435 1087 
3254 3317 
3194 
645 836 1405 1468 1469 1470 2425 
91 93 4057 4059 
382 510 591 1591 
145 146 210 3229 3795 
3070 3134 3651 
388 
959 1022 
166 706 
2230 2473 
1928 2114 2179 
0 10 267 324 329 337 3478 3726 3788 3978 4043 4051 
3787 
1486 2693 
470 1424 
175 467 669 3622 3679 3869 3870 3935 3940 4065 
3 3331 3396 
163 487 549 613 741 807 1699 
692 
464 670 1168 1231 1232 1233 1296 1689 
182 187 189 252 939 
629 
1517 1612 1773 1775 
114 238 4011 
185 689 752 816 878 942 1907 
3958 
1868 1932 1995 1996 1997 2060 2186 2248 3018 
192 381 444 445 446 509 1605 2487 2878 3285 3307 3638 3859 3892 
55 3699 3700 
867 988 1051 1052 1053 1116 1305 2029 
4090 4091 
196 242 3773 
1587 1646 
199 253 257 258 708 3967 
3067 3073 3074 3137 3139 3200 3202 
1594 
54 116 1973 3709 4020 4083 4084 4085 
207 1584 3314 3378 3379 3380 3443 3507 
3743 
7 13 2906 3354 3852 3917 3981 3990 4041 4044 4045 4046 4048 
208 273 400 
316 3965 4026 4092 
283 1119 1416 1534 2008 2009 2262 2264 2454 2973 
90 281 
2866 3316 
219 2408 3501 3502 3562 3565 3566 3570 
222 
226 1805 1867 1869 1870 1933 2124 
1287 1415 1543 
970 3846 3973 4035 
3308 3371 3372 3373 
2783 3238 3673 
1633 3514 
545 3539 
3064 
550 
569 696 1252 1253 
260 
75 
573 
335 397 398 461 
925 1304 1310 1374 
1548 
2952 
581 
305 370 
1426 
597 790 3601 
1387 2868 2932 2996 
3611 3614 
607 612 615 676 728 740 751 1061 2147 
622 686 687 
366 429 430 431 1136 2572 3824 4064 
624 
630 694 758 759 760 1843 
4053 4054 4055 
1290 
1126 1127 1190 
640 700 701 1211 3395 
932 1048 1111 1113 1176 1240 
1254 
641 644 705 707 830 897 960 2218 
646 1312 1442 
1239 
2278 2280 2341 2342 2343 2834 
651 
517 
662 3043 3045 3108 3109 3110 3111 3124 3173 3234 3298 3423 3889 3934 
666 730 731 732 1175 
1238 1821 1886 1890 1949 1950 2014 2078 2591 
1159 1343 1344 1345 1406 1407 1408 1471 
724 
1551 1807 
654 924 3807 
2581 2713 2721 2776 2777 2839 2840 2841 2900 2904 
655 
1228 2164 
1761 1824 1825 
656 
2522 
659 857 919 921 984 3442 
1150 
667 2596 2710 2951 3094 3095 
770 
97 290 291 372 608 
1030 1032 
2526 3129 3253 3437 3438 3441 3697 
673 3617 3680 3682 
1974 2106 
674 685 735 749 750 813 
2855 
1589 1652 
2293 2358 
683 1413 1476 1478 1479 1738 1859 2505 
982 983 
119 120 183 184 248 311 938 1715 3643 
1016 1968 2123 2254 2303 2304 2317 2319 2329 2382 2446 2511 2573 2631 3348 3754 
3966 
1935 
522 2921 2984 2986 3228 3239 
702 766 2184 
704 2798 2888 2927 2991 3041 3054 3055 3056 3115 3116 3119 3120 3122 3183 3247 3250 3368 3375 3430 3504 3571 3752 3954 3972 4036 
2265 3030 3223 3288 3351 3500 
1627 1636 
234 306 3367 3742 3817 3881 3942 3944 3945 3946 3947 3949 4008 4009 
711 902 903 1031 1095 1096 1213 3980 
714 778 842 843 906 1298 
719 
2033 2096 
721 
684 1700 1701 1763 1764 1765 2519 
805 1188 2784 
3744 
738 1192 1255 1508 
180 3465 3528 3529 3530 3718 
747 
930 2224 
756 
765 
769 1326 1327 1391 1901 
771 1540 1852 2245 2620 2637 2930 2939 2940 2943 3001 3003 3005 3006 3007 3058 3068 3069 3072 3077 3196 3318 3403 3519 
772 774 
773 
777 779 1577 2512 3789 
2006 2103 2379 2433 2450 2700 2827 2828 2889 2890 2950 2954 2955 3010 3019 3020 3284 3339 3532 
526 653 1227 1230 1234 1292 1293 1294 1295 1358 1361 1736 2374 2624 3524 
796 1732 1733 1847 1922 1929 1988 1989 1990 2053 2054 2107 2113 2118 2493 2658 3063 3468 
1201 1264 1265 1266 1267 1328 1329 1330 1523 2549 
803 
1638 
1430 2479 2645 2663 2726 2727 2729 2789 2983 3180 3506 3531 
2599 
373 3821 
68 3909 
808 810 
3345 3346 3410 
2846 
1730 
1067 
814 
380 
472 859 923 
822 900 1077 1078 1138 1141 1142 1143 1206 1656 4094 
833 961 
856 1167 1429 2641 3594 
840 904 968 
2936 3117 3195 3664 
849 974 1163 
850 
855 
1004 1069 1070 1133 
2662 
858 
1448 1705 1768 1831 1832 1878 1896 1957 2213 
896 2594 2722 
4088 
2562 2766 3014 3016 3201 
865 1055 
3661 3725 
893 1948 1967 2003 2011 2022 2076 2465 
409 757 815 817 873 881 882 883 944 945 946 947 948 949 1010 1011 1537 1977 2052 2205 
876 1131 1260 
1173 1682 1696 1735 1746 1811 2650 
2203 2400 2516 2652 4056 
1183 1308 1562 
895 
1592 
3928 
58 2271 2327 2332 2396 2523 3493 
898 957 1020 1040 1079 1083 1145 1147 
911 
1282 1284 1347 1348 1349 1412 
912 
1044 
920 1217 1278 1341 1342 1390 
2913 3047 3050 
931 2994 3185 3186 3249 4001 
1200 1951 1952 2013 2015 2016 2017 2080 2081 
901 1017 1065 1156 1160 1185 1214 1216 1219 1285 1350 1357 1477 1481 1539 1614 2170 2421 2946 3208 
941 1806 1871 1934 
652 780 835 908 909 929 972 
967 969 
977 1041 1042 1105 1108 
2598 
1021 1740 3026 3462 3841 3904 3905 3906 3969 
363 426 428 491 554 1575 
997 998 999 1062 
532 793 
1462 1526 1527 
1654 1717 
1025 
1028 1281 1346 
1393 
495 559 
24 32 98 162 165 217 592 4000 
1035 1036 1037 1100 1102 1417 1590 
214 1364 1525 1695 1756 1819 1820 1884 2077 
1385 
1050 1121 1174 1246 1306 1307 1370 1371 1372 1373 1433 1435 1944 
1482 1546 
1063 1581 
1109 1110 1237 
41 50 169 743 3103 3440 4072 4074 
828 1012 1013 1014 1015 1337 1532 1759 2295 2356 
1066 
3587 
459 460 465 523 682 
1071 1134 
1072 1135 1137 1139 1199 2874 
1075 1464 
1086 
2451 3051 
1088 1089 
1196 1388 1389 1452 
1450 
951 
1488 1616 1620 1683 1684 1685 1747 1748 2259 
3586 
2424 2482 2674 2675 2802 2803 2804 2864 
1091 1155 
1092 
1098 1101 1162 1165 
2971 
2942 3448 3511 3512 3513 3575 3576 
1103 2449 2771 2772 2831 
2701 2767 
2140 2192 2256 2320 
845 910 973 
1107 1215 1535 1550 1601 1662 1663 1668 1719 1725 1727 1728 1729 1789 1790 1791 1792 1854 1855 1856 2041 2117 3451 
1115 1164 1423 1496 1557 1559 1560 1622 1681 1686 1745 1749 1874 2434 3357 
952 1401 1903 2071 2128 2135 2199 2391 2509 2648 3340 3784 
989 1054 1117 
1114 
3321 
1118 1161 1225 1226 1289 1352 1353 1354 1356 1418 1670 1795 2557 
1218 1279 1395 1396 1397 1460 
1130 1193 1261 1443 
1144 1618 1851 1914 1915 1916 1979 2227 
1153 2547 
1985 2688 2689 3065 3394 
1182 1301 1311 1437 1494 1499 1500 1501 1502 1565 1630 1757 1866 2214 2853 
1186 3310 3639 3828 3891 3893 3956 3992 
9 228 415 422 547 609 610 616 672 802 1247 1507 1712 2021 
1191 2209 2212 3125 3433 
3106 3107 
1194 1257 1258 1259 1322 1386 
3927 
1207 1209 
1210 
556 2880 2933 3059 3123 
1248 1313 1315 
2221 3815 
1519 
3193 
602 3312 3313 3376 3377 3439 
1251 1567 
262 331 518 582 583 586 717 3255 4033 
797 
1336 2211 2910 3150 3278 3279 3290 
1262 
1263 2715 
1274 
2539 2978 
1277 
1297 2070 
2062 
1314 
3931 
1688 
246 247 
1320 2752 3417 3418 3419 3420 3480 3482 
1321 2137 2138 2201 
1623 1879 
62 1803 4030 4093 4095 
455 
1338 
1369 
1376 2471 2534 
3256 3322 
2392 
301 3915 
1377 1378 1441 
1687 1815 
1380 1428 1493 1541 1556 1569 1808 3567 
1381 1382 1383 1446 1510 
3885 
1410 
1419 1420 1604 
528 1439 3283 3602 3665 3666 3667 3730 3796 
1438 1503 
1454 
1473 1538 1542 1602 1603 1666 3579 
3842 
1474 
3235 3370 3435 3498 
1483 1692 1755 1758 2094 3164 
3541 3604 3606 
1484 
2545 
874 936 1001 3814 
1489 1490 1553 
67 
1498 1549 1554 1621 2257 2459 
3707 
2924 
1505 3551 
4068 
270 
1509 1572 1573 1574 1637 1703 
2707 2835 
94 543 599 798 1120 1181 1244 1245 1309 
1511 1571 1576 1829 
564 
1531 1597 2371 
2300 2302 
852 1658 
1552 1615 1617 1680 2475 
3642 
2690 3147 
44 3044 3303 3304 3305 3369 3432 
1043 3489 3491 3543 3805 3863 
1563 
834 2172 
1564 
279 3735 3950 
1566 1628 1629 1631 2010 
1580 1644 
2960 3155 
1504 1595 2148 2210 2272 2275 2281 2338 2339 2340 2403 2460 3347 
537 611 
1598 
