SW96,r_hop_max-1-uniform,1
9193 
9186 
9183 
9121 
9054 
9053 
9032 
9019 
9016 
8971 9066 9068 9163 
8933 
8906 9001 
8894 
8920 
8893 9184 
8897 8992 8994 
8876 
8862 8959 
8840 
8830 8831 
8900 
8812 8907 8908 8909 9004 
8804 8805 
8780 
8764 9135 
8763 
8713 
8700 8701 
8636 
8598 
8571 
8553 8554 8650 
8514 8989 9086 
8468 8563 8660 8755 
8438 
8393 8408 8586 
8389 8390 
8385 
8384 8578 8671 8672 8673 8768 8860 9144 
8376 8567 8665 8666 8667 
8368 8463 8465 8469 8560 8751 
8309 
8272 
8264 
8249 
8236 
8230 8423 8614 
8211 8682 8777 8778 8779 8988 9059 
8204 8299 
8193 
8190 8287 8377 
8186 8486 8581 8659 
8180 8181 
8178 8274 
8173 8653 8738 8748 8749 8750 8842 8843 8845 8846 
8169 
8168 
8166 
8164 
8154 
8129 8226 
8097 
8091 
8081 
8058 
8011 
8009 8104 8199 8200 8201 8296 
8004 8306 8401 8402 8403 8404 8498 
7973 
7972 8067 
7963 8059 
7919 
7910 
7887 7978 8074 8075 8170 
7879 
7878 
7840 7842 7936 
7836 
7821 7917 
7800 
7790 
7780 7876 
7747 7843 7940 7941 8035 8227 
7736 8235 
7728 
7724 
7692 7788 8269 
7676 7677 7771 
7663 7669 7757 7758 7759 7855 8149 
7658 
7647 7742 8985 
7641 
7591 7686 7688 7690 7783 7784 
7590 7685 7782 7883 7961 
7574 7863 7959 8056 
7558 8881 
7555 7650 
7541 7543 
7533 7534 7918 
7530 7625 
7516 7611 7708 
7510 7797 7896 
7503 
7492 7493 7494 7586 
7462 
7435 7531 7859 
7429 
7404 7405 7406 7501 7507 7598 
7348 
7345 7346 7441 
7338 8294 
7334 7335 7430 
7332 8786 8882 8979 
7319 7416 7511 7512 7513 7608 8481 
7310 
7302 
7295 7390 7487 7679 
7294 7389 
7286 7382 
7245 
7235 7902 
7231 
7228 7229 
7204 7298 7299 7300 7301 7396 7460 7495 7670 
7203 
7194 
7172 7173 7270 7693 
7648 
7165 7166 7454 
7148 7149 
7138 8522 8618 8619 8622 8714 8801 
7132 
7127 7219 
7107 
7097 7183 7184 7280 7281 7665 
8809 
7096 7192 7193 7287 7288 
7088 
7084 7167 
7071 7637 
7059 
7053 7321 7418 
8013 8106 8109 8110 8203 8205 8206 8208 
7047 8677 8869 
7041 
7031 
7012 
7003 7297 7392 7393 7394 7489 7490 9136 
6987 7521 7615 7616 7617 7618 7713 7805 7904 8001 8187 8284 8399 
6970 6971 6972 7068 
6962 
6958 7151 7248 7343 7450 
6950 
6945 
6941 
6921 
6919 8261 8356 8357 8358 8453 8549 
6912 7004 
6879 6880 8523 
6876 7624 
8878 8880 8976 
6862 6954 7049 7145 7240 7526 7827 
6843 6939 7035 
6833 6834 6930 
6831 
6830 6925 
6827 6828 6923 6933 7213 7214 
6814 7196 
6806 
8597 
6803 6804 
6790 6791 6792 6887 
7525 7621 7815 8487 
6787 6884 7066 
6782 
6777 7634 
6775 
6766 6863 
6765 
6755 
6738 7699 7794 7795 7796 7891 8197 
7644 
6721 7666 8657 
6714 6810 
6713 6716 7384 7397 7407 8182 
6691 
6690 
6650 
6646 6742 7024 
6642 6951 6953 
6630 8251 
9080 9177 
6627 
6621 
6615 7278 
6609 
6608 6680 6909 7005 7006 7100 7101 7102 7197 7199 
6781 
6604 6696 7856 
6597 6628 6724 6725 6731 6820 6821 6822 6872 6913 6914 6916 6917 7109 7316 7710 8016 
6592 
6579 7062 7063 7159 
7730 7762 8974 
6560 6847 6848 6942 6943 7039 7042 
8142 
6557 6559 6654 6746 8471 
6556 6651 6652 7476 
6537 7606 7715 
6533 6534 
6529 
6483 
6480 6877 7359 7361 7455 7551 7741 8342 
6479 6574 6671 
6462 7687 7768 8030 8031 8125 8126 8127 8136 8218 8219 8220 8222 
6459 
6451 6547 6643 
6435 6530 6622 
6428 7015 7016 
6414 6510 6515 6606 
6410 6422 7266 7378 7379 7380 7475 7569 7576 7761 
6404 
8301 8396 8397 8398 8493 8681 
6383 
6323 6418 6419 6420 
6743 6838 6840 
6298 
6266 6448 6745 6842 
6264 
6263 6358 6359 6360 6455 6469 
6258 6353 6354 6355 6450 7312 
6257 6442 
6253 
6249 6441 
6228 6325 6589 
7638 7733 7735 
6224 6498 6593 6594 
6220 
6215 6311 6407 
6205 6395 6687 
6670 7628 
6202 
6200 8588 8589 8684 
6196 6198 6293 
6185 
8279 8691 
6169 
6163 6356 6463 6655 6940 7224 7712 8569 
6157 6357 6453 6454 6549 
6137 6808 
8802 
6118 
6116 
6109 6111 
6105 6294 6297 6393 6961 
6676 6778 6868 6963 6964 6965 7060 7061 7155 
6102 6869 6870 6871 
6090 
6674 
6079 
6077 6078 6173 6174 6175 6270 6578 6649 
6070 6072 6167 7227 
6067 7013 7491 7587 7682 7684 7779 7875 8647 8759 
6060 6156 
6050 8703 8706 8708 8803 
6049 6526 
6039 
6036 
6017 
6252 6835 6931 7026 7027 7028 7029 7122 7123 7246 9137 
6015 6488 6583 7011 7067 
7141 7142 7238 
6117 6210 6213 6309 6310 6405 6603 8609 
5996 5997 6092 6093 6189 
5985 5986 
5984 
5979 8105 
5977 
5949 5951 6046 
5947 
5910 
5909 6209 6306 6401 6688 
5905 6000 6384 6935 
5902 5998 
5897 
5889 
5888 
5883 5978 
8806 8811 
7331 7371 7372 7468 7563 7572 
5873 5962 6058 6153 6154 6155 6250 6251 7882 
5872 
9188 9189 
5871 5967 5968 
7452 
5868 
5849 5946 5948 6041 6042 6043 6138 6227 
5817 6861 
5815 
5814 6326 6423 6519 
5807 
5786 8946 9041 
5778 
5771 6168 6333 6631 6633 6719 6726 6729 7873 
6524 
5756 6855 7872 8064 8065 8160 8161 8255 8256 8446 8929 
5753 
7948 
5752 5754 
7937 
5736 5831 5832 
5718 
5694 
5685 5877 
5683 6369 7236 7524 7717 7913 8006 8095 8101 8102 8103 8198 
5678 
5674 7691 
5670 
5663 
5644 6142 6234 6334 6517 6623 
5606 
5589 6776 8482 
8293 
5578 5580 5675 5676 5677 5772 
5567 
5552 5745 
5535 
5534 
7806 7807 
6417 7285 
5525 6299 6394 6475 6476 6477 6478 6573 
5506 6663 6665 6666 
5501 5594 5596 5597 5598 5693 5788 5789 
5497 
5492 5585 5681 5682 5776 5777 6065 6158 7317 
5489 6161 
5487 5582 5591 5679 5965 7322 9127 
5477 5660 6373 
5476 
5475 
5474 5605 5797 5890 5892 5898 5988 6080 6171 6850 
6431 6926 6927 7021 7022 7023 7118 7119 
5472 
5471 6695 7751 7841 7845 7846 7847 7942 
5467 5563 5564 
5464 
5459 
5445 5640 
5442 
5438 
5404 6201 6473 6569 
5389 5484 5485 5486 5581 5651 
5383 5483 
5379 
5371 
8957 
5366 5367 7092 
5352 
5345 6303 6398 6399 6400 6495 7545 
7920 8112 
5344 5737 6319 6413 6415 6416 8326 
5309 5493 5494 5495 5590 
5292 7112 7311 7509 7603 7694 7778 7786 7889 
8069 
5287 6802 6805 6900 6901 6997 
5277 
6773 
5270 
5268 
5263 5351 
5244 5530 5533 
5242 5430 5432 5433 5528 5619 5720 
5239 5334 5337 8782 
5234 8800 
5233 
5229 5867 5870 5964 
6368 
5209 6361 7037 7130 7225 7614 
8179 8757 8848 8853 
5207 8262 8359 
5194 5195 
5191 
5188 5284 
5168 5170 
5161 
5148 5150 5245 5527 
5143 5238 5240 7094 
5141 5236 
5125 
5108 5399 
8564 
5091 5854 6034 6815 6816 6818 7007 7008 7293 8610 
5080 5177 5178 5276 5380 5558 
5071 5073 5074 
5046 
5031 
5021 
5019 5114 
7434 7626 7722 7723 7818 8679 
6561 6753 
5018 5305 
5006 
7065 7640 
5101 5956 5959 6054 
5000 
4994 5084 5085 5181 
4992 
7987 7988 8083 
4990 5661 5757 5758 6525 
8121 
4972 4973 5068 5069 5165 
4965 5060 
4939 
4933 5780 6348 6444 6541 6542 6543 6733 
4929 5118 
5223 5414 5415 5416 5511 5704 
4926 
5261 6672 7385 7481 7573 8046 
4925 5326 5504 5702 
4921 6605 6700 6701 6702 6797 6984 6988 7374 
5886 6068 6164 
4917 6456 
4899 4901 5274 
4896 
6337 
4895 6906 
4882 
4875 4877 4970 5543 5769 5929 8520 
7500 8485 8678 8773 8774 8775 
4872 4968 
4869 5061 5659 8785 
4857 4858 
4856 4951 4952 4953 5241 
4855 7034 7129 
4848 6023 6689 
4836 
4829 5020 5116 5117 5212 7702 
4827 5667 9101 
4814 
7709 
4809 
4790 4791 6028 
4787 
4782 5175 5265 5273 5369 5370 5465 5556 5561 7956 
4778 4779 4780 
7271 
4773 6018 
7861 7958 
4772 4826 
4766 
4756 
4755 4943 5121 5799 5808 5811 5903 
4754 5473 5569 5664 5666 5761 5762 6243 
4751 
4741 
8510 8605 8606 8607 8702 9171 
4740 5773 5775 5869 
4733 
5809 
4724 5007 5013 6708 
4723 
4698 
5446 6026 6123 6317 7635 7974 
4688 5166 5355 5790 5844 
4680 
4673 
8427 8428 8429 8524 
4666 4954 4966 5047 5048 5049 5050 5051 5146 5176 7643 
7017 
4660 
4651 
4648 4744 4840 
4643 
4621 4906 5002 5003 5005 5098 5290 5363 5405 5781 
4601 
7816 
4586 
4567 
4561 4659 4753 
4535 4824 
6882 
4530 4721 
7546 7547 8171 
4520 6056 6343 6440 
4488 
4480 4768 4865 6016 
6699 7207 7844 8241 8568 8833 
4473 4474 
4472 5715 
4468 4564 
4428 
4420 4421 4516 4517 4519 
8151 
4419 
4412 4507 
4405 
7610 
6864 6866 6959 6960 7056 7633 
4393 4870 
4384 4386 5232 
4378 
4368 5213 5219 5314 5316 5411 
7739 
4362 4957 5039 5132 5134 5135 5136 5138 5231 5336 6089 6486 
4352 4546 4739 
4898 
4335 9195 
8022 8118 
4323 7001 7002 
4319 
4313 4408 4409 4410 4504 4505 4599 
5394 
4310 
4301 4397 
4293 4387 4482 4484 4579 
5247 5632 
4290 
4280 
4834 5210 5782 5983 
4275 4650 5130 5131 5227 5228 5323 7351 7442 
4267 4268 4269 
4249 4813 4818 4819 4820 4916 
4445 
4244 
4237 
7156 
4233 
4232 4437 4534 6057 
4227 
4602 6236 6331 
4222 4317 
7164 
4215 6140 7108 
4689 
4201 5329 5620 5622 6085 
8973 
4197 7838 7935 8814 
8183 
4191 4281 4286 4287 4383 4578 
4190 8432 8530 8624 8625 8626 8627 8722 
4188 5145 7055 
5816 6620 
4163 4357 4453 4548 4549 4550 4645 5499 
8808 8903 8904 8905 9000 
4149 4152 4341 
5262 
4148 
4124 4128 4203 4219 4220 4221 
4118 
4117 5649 5833 6217 6223 6312 6313 6314 6315 6409 6500 6504 6599 6888 6902 7561 8344 
4103 
4093 5057 5058 5059 5154 5155 
4067 4356 4451 4452 
4058 
8140 8529 8621 
6692 6693 6694 6789 
4051 4330 4336 4343 4431 4528 4623 4624 4626 5102 7613 
4037 4038 4121 
7775 7975 8070 8071 8072 8073 8167 
4032 4296 4591 5931 6429 6502 6807 6811 7401 7584 7659 7678 7683 7773 7774 7869 7870 7871 7966 7970 8061 8062 8157 8440 8441 
8268 
4311 4312 4314 
4027 5082 5083 5856 
6003 6580 7244 7339 7340 7341 7436 7437 7824 
4021 7417 7671 8000 8285 8566 8572 8669 9071 
5381 5382 
4005 
4003 4198 
4002 4098 4193 4195 4284 4676 5920 
3996 
7237 
3993 
3991 4086 4087 4088 4183 4283 4394 
3986 
3967 3968 
3964 4059 4060 4251 
3944 4039 4040 4136 4238 4328 
3943 4806 4996 4999 5094 5185 
3935 
5604 
3933 
3928 4024 4025 4119 4120 4216 5179 
3920 3921 
3912 4696 4776 6634 7532 
3911 6497 
3910 4297 
3905 5158 
6832 6932 6938 7124 7125 7218 7220 7221 7315 7698 8654 
3898 
3897 
4370 
3892 
4582 4677 4678 4679 4774 4777 
3884 
9095 
3883 5137 
3880 3885 3981 3982 4077 5038 5226 
6667 6763 
3878 
3874 4061 4156 4157 4158 4253 4332 
3872 4064 
3868 3930 
3867 4860 5300 5306 5321 5419 5422 5498 5516 5518 5609 5611 5612 5794 6094 6188 7242 
3859 4050 4126 4242 5953 
3858 4436 
4485 6308 
3849 4129 4331 
7536 
5896 
3841 4708 4803 4804 4805 4900 5113 6911 
3838 3934 4364 
3820 
3931 4026 4690 
3818 5439 
3816 4652 5918 6014 
3815 7349 
3811 7328 
5829 5924 5925 5926 6021 
5338 5339 5434 5435 5436 5531 5626 5627 5819 
3800 
3792 
4338 7402 
3790 
3789 5406 5503 
3785 4006 4670 4671 4672 4767 5341 5634 7934 
5063 
3782 3791 3969 3971 4073 4365 5970 
3765 4442 4538 4540 4633 4634 4635 4636 4727 4730 5035 5973 6381 
3952 4047 
3752 
3738 3834 
6296 7232 
3733 3831 
4273 
3728 5255 6795 
3725 3909 3913 4009 4011 4611 4681 
5539 5635 5636 5731 5919 6506 
3710 3805 3806 3902 3998 
7857 8005 
3704 
7014 8649 8744 8745 8746 8841 9033 
5974 7508 
3691 3787 
8819 
6767 
3687 
5733 5830 6020 
3672 3673 
3668 3764 
3659 
8077 
3655 4053 4054 4055 4062 4707 
7137 
3644 4315 
3642 3821 3922 3924 
3635 3732 
5417 
3609 4181 4276 4277 7408 
3600 5645 5802 5935 
6135 6230 6231 6232 6327 
4607 4702 4703 4706 4798 4799 5866 
3594 4950 6008 6197 
4173 4654 
3593 3689 7589 
3591 
3578 3601 3674 3675 3769 3770 3771 3772 3860 3866 4252 
3576 
3546 
3540 
5916 6027 6106 6683 6684 6685 6768 6779 6780 
3536 
6626 7689 
5258 
3519 
8580 
3517 3809 
6005 6577 6675 6677 7866 
3507 5328 
3505 
3502 3882 3977 3978 3979 3980 4074 4169 4547 
6607 6704 
6278 6554 
3476 
3475 5103 
8767 
3471 3566 3657 3856 3942 5304 
8866 8867 
3465 
3460 3556 3557 
3451 3740 3753 3835 3837 3932 
4810 5491 5593 5688 5689 5690 5695 5785 6617 
3450 3452 3547 3739 
7523 
3439 3741 7672 7673 7674 7675 7769 8185 
3437 
3435 3438 3531 3549 
4653 5307 5630 6180 6275 
3431 3527 
3422 
5662 
3421 3611 3612 3707 3708 3709 3804 5932 
3414 3415 
4151 
3413 3604 3699 3700 3701 3703 3796 3797 3894 
3409 4940 5032 5033 5127 5129 5320 5418 6087 
3404 3500 3599 3692 
3403 
4043 
3401 8434 8726 
3394 3887 4079 6182 
4668 
3378 3786 3972 4164 
3377 3473 
3372 4133 4134 4135 4229 4230 4231 4326 4327 4620 
1229 1407 2174 2177 2272 2367 2368 2369 2464 2655 2673 
1913 2211 2306 2307 2308 2403 2494 2498 2589 
185 282 377 378 379 474 577 8238 
1222 1223 1318 
7410 7411 7412 7605 
1217 3303 3399 3400 3494 3495 3592 
1212 2458 2766 3617 3695 4180 4291 
237 614 709 997 6836 
8020 8114 8116 8117 8212 8305 8593 8978 
2511 3288 4289 5205 5206 5214 5302 5392 5397 6055 6103 7120 7438 9047 
1203 2820 
6793 6992 7178 
6637 6717 
6104 6204 6300 6301 6501 7157 
466 8012 8851 9075 9076 9170 
59 155 156 251 448 458 492 8128 8663 
3006 
8378 
5989 6563 6658 6659 6660 6661 6662 
1184 2525 
102 
1169 1359 
840 3233 3374 6124 6211 6794 6875 6982 6986 7077 7083 7150 
3915 4010 4390 4391 4392 4483 4487 4584 
1965 
2105 6813 6903 6910 
1168 2189 8727 8823 
1191 7915 8395 8490 8492 8587 8688 
4924 4927 7519 7998 
3508 3605 
1167 
7791 7888 
4935 5717 6380 6572 6669 
1429 
1160 
63 160 255 
5257 
1147 1242 1243 1244 1338 1339 1920 9025 
4699 
3983 5994 6091 6187 
1140 
1903 1998 1999 2095 
386 7707 7897 7898 7899 7901 7993 7994 
7522 7636 7925 
2552 2553 3901 
1133 1358 
1268 1735 1833 1835 1930 1931 1932 2027 
1110 3511 4828 5126 5403 5595 
7233 9039 
1107 1982 7427 7520 7714 7718 7732 7908 8010 
2108 4443 
3373 3469 3470 
2401 2496 2500 5104 
8704 
1105 5760 5857 6051 
1103 
7395 7592 8060 
7054 
4718 5198 5571 
1669 2471 3720 7273 7752 7753 7848 7950 8234 9091 
2712 
1087 1945 2040 2041 2042 2045 2137 5216 
5541 5637 5639 
2960 3057 3250 
1060 
1051 1435 2222 2301 
1047 1142 1143 1144 1145 1239 1714 2870 
1038 
6292 8119 8311 
49 
1037 
7995 
4642 4758 4759 
1036 
1031 
7205 7208 7497 
338 
1006 1390 1487 2159 2175 2254 2256 2299 2443 2637 2639 2921 
6241 6335 
1005 5928 6108 6302 
3381 
1008 
996 
374 
2882 2888 2976 2977 2978 2979 3074 3360 3367 
990 
6520 6892 
4441 4536 4537 4745 4825 5317 
702 1272 1273 1274 1369 
1890 1891 1986 1988 
1100 
3881 4171 4265 4266 4360 4361 4457 5324 7258 
986 
4234 
769 2742 2935 2936 3030 3031 3032 3033 3043 3127 3128 3324 3327 3510 3690 3914 
414 509 510 8879 
2385 2480 2481 2482 2577 2578 3346 
4539 
3113 4063 
1446 1564 2023 2118 2119 2120 2215 2218 2225 2696 3953 
6095 6191 6192 
956 7179 
951 
4993 
1224 1225 
3182 
948 8608 
6873 
931 6883 
7785 8461 
7726 8007 
670 5851 5955 
1722 1820 1915 
1834 
925 2868 3719 4161 4622 4644 4674 4769 4770 4771 4866 4867 4868 5251 5774 5995 6029 
6908 8817 8928 9120 
1314 1315 2072 
7223 7318 7320 7799 8570 
5224 5315 5514 5517 5613 5705 5708 5709 5710 5805 
4942 
384 8244 
5824 7080 
481 2400 2499 2594 2689 2690 2691 2786 3851 
7469 
675 1814 1841 8918 
5826 
912 
890 1657 1752 1753 1754 1766 1849 5706 
886 887 888 889 984 1081 
884 2313 
627 
8273 8369 
4379 
875 7304 7399 7400 7496 7593 7681 
965 1155 1349 1351 1445 1447 1542 1544 1546 1638 1639 1640 1643 1732 1928 2019 4214 4669 5359 
3586 3886 
1382 
8337 8339 
858 8596 
916 1012 1108 
2570 
953 6565 8731 
855 2343 2438 2439 
853 1333 1348 7880 
264 348 446 539 540 606 724 732 807 822 826 828 922 923 924 1015 1017 1018 1019 1020 1021 1111 1115 1116 1118 1307 1308 1586 1876 1985 3289 3686 4568 5538 7568 8503 8987 
5293 5390 5391 5482 6165 
1526 1819 4815 7486 7581 7582 7583 7980 
843 8090 8470 8661 8758 
7474 
62 6006 7912 8297 8302 
836 1911 2767 4302 4303 4399 4492 
682 778 5570 
5023 5122 5218 5882 
817 8196 8292 
1630 1740 1837 
4089 
1409 1504 1505 1506 3157 
9158 
2370 2440 3807 3904 3999 4000 4001 4096 6741 
7977 7979 8277 
7158 
6996 7190 
799 895 
795 
521 1013 1769 1963 2058 2059 2060 2153 2155 2249 2345 
841 4845 
793 794 
7951 
789 1074 1075 1076 1171 1262 5303 
784 785 786 880 881 883 1163 2227 4726 8372 
7140 
1216 1309 1313 7933 
4012 5749 
782 1839 
804 811 904 907 911 1002 1003 1004 1099 1498 1583 
3049 
803 820 898 899 900 995 
1660 4716 8961 
797 3499 4345 4440 
7433 
1805 
7719 7814 7909 
763 3445 3446 3639 3929 4407 5559 5841 
3501 3596 3597 3598 3693 6101 
659 1771 3847 4295 4401 4683 4783 4784 4880 4974 4975 4976 4977 4978 5070 5072 5077 5089 5167 5169 5451 5701 5806 
927 
7996 
161 4861 6396 6481 6491 6492 6493 6588 6686 
1681 
2339 3395 3491 3492 3588 3647 5413 5763 6321 
744 1432 1527 1528 1529 1620 1723 
729 6285 6288 
204 2046 2704 2705 2710 2735 2800 2801 2802 2803 2897 3950 5764 8363 
6271 
728 7072 7560 8316 8526 8615 8709 8710 8711 8712 8807 
2311 4785 
725 1877 2561 2656 2657 2658 2681 2753 3711 
5456 5551 6022 
1801 1924 2962 2966 3349 3443 3447 3614 3651 3729 3731 3826 3827 3828 3927 4019 4593 5285 6133 6226 6345 
1104 
719 1205 1206 
4017 4113 4114 
1853 2610 
714 8784 
8561 8656 8847 9040 
712 
423 442 537 731 
7262 
5574 8055 
2331 2884 4930 6657 
707 831 
701 
529 
688 
1366 
1048 1053 1530 1602 2396 8525 8638 
8430 
469 
6081 6176 6177 6178 6273 6366 6367 
668 3503 
1172 8762 9050 9147 9149 9154 
85 86 180 277 371 372 655 1363 2771 3056 6305 7680 7787 8999 9017 9203 9204 9206 
261 262 356 357 359 449 451 454 2344 8310 
5488 
5197 6329 6425 6426 6509 6521 6905 8172 
320 
2406 3162 4501 
663 
639 
351 4212 5742 
5171 5835 5930 
2507 2602 2699 
1347 
6038 6128 6134 
635 4558 8697 8793 8794 8796 
3423 3440 3712 3808 3900 3903 4095 4686 
662 
178 
5353 
4695 4883 4885 4886 5174 5271 5466 5846 8246 
628 1109 
4675 5732 5828 5923 5927 5938 
1367 1463 
624 1009 
8620 
2995 3861 3862 5297 
1624 2098 2493 2692 3070 
1897 1901 2863 2865 2989 3055 3149 3150 3151 3152 3247 3248 3344 3538 3623 
2845 5936 7375 7470 7471 7564 7565 7566 7567 7668 8242 
591 759 2297 6895 8248 
7571 8259 
1072 1073 1200 
3010 3105 3201 3296 3297 3298 3392 3393 3397 3562 5319 6363 8260 
1159 1255 
1937 
2584 3164 5235 5264 5364 5586 5845 5847 5941 6421 6516 6682 
8029 
2490 3019 3396 4081 
3405 
2497 2592 
3114 6338 6432 6447 6449 6544 6545 6546 6552 6636 6639 6641 7695 
581 773 870 1151 1266 1923 
579 2033 2114 
576 672 
6259 
23 120 218 406 587 1077 1475 2519 5301 7819 
1946 2140 2238 2239 2245 2333 
1091 1176 
5308 
1456 1551 1552 1647 1648 1649 1744 3280 
821 7514 
2001 2002 3352 
571 
3187 
7303 
565 1707 
564 3461 3615 3755 3938 4132 4325 4422 4425 4515 4612 4878 4903 5196 5272 5275 6146 8345 
5026 7772 7976 8162 8247 8343 8451 8540 8832 
552 
383 6644 6645 6740 
5160 5256 
2322 3679 4346 4449 4455 4552 4646 4647 4649 4838 4919 4934 4936 5621 7552 
4922 5017 
1204 1211 1403 1479 1886 
1488 1489 1490 
547 6304 6885 
8362 8551 8743 8839 8936 
7313 7997 8092 8094 8189 
6508 6703 6798 6893 8237 
546 
5156 
845 6047 
607 1755 3767 3963 4065 4159 4165 4254 4255 4256 4351 4531 4661 4735 4738 5200 5904 
2248 2351 2442 2533 2537 2538 2539 2634 
4849 4851 4944 4945 4946 5041 
69 580 862 5942 7506 7877 7965 8332 8480 8829 8849 8913 8923 8925 8931 8937 9020 9021 9022 9030 9117 9205 9212 
666 9116 
7982 7983 7984 
112 315 507 508 604 700 792 1188 7906 8707 8944 9148 
5671 
229 
2468 2558 2599 2653 2750 4590 
7234 7329 7330 
329 401 7804 7893 7894 8373 
516 517 612 1092 1777 6287 
3544 4056 7623 
514 
2714 2906 3688 3954 
7498 7595 8080 
3799 8317 8318 
3416 3417 3512 3513 3896 5249 5343 
505 506 601 603 7810 
6066 6929 6936 6937 7032 7036 
5572 5669 5852 
272 2384 
1152 
8435 
198 
3652 3759 4033 4426 4523 5862 
496 593 
737 830 6139 6148 6944 7275 7451 7453 7548 7550 7556 7645 7646 7725 7923 8015 8124 8214 
131 970 
3985 4334 
491 
7865 
490 7575 7944 
6126 
633 825 
259 
6784 
1888 1983 2077 2080 2264 
1028 
163 5957 6706 7000 7364 7459 7740 7766 7938 7949 8037 8611 
856 1141 1906 5921 6985 
1162 
190 4991 6402 
1209 1401 1784 
150 891 7483 7527 8495 8590 8591 8686 
8250 8442 
8028 
2856 2951 2952 2953 3048 8790 
5087 5180 
1094 1249 
148 1677 2941 3124 3219 3220 3221 3224 3315 3316 8674 
5843 5937 5939 5940 
135 233 433 443 535 626 629 630 631 632 647 726 727 814 936 1016 2176 2851 6595 7781 8818 
119 2411 8850 9143 
718 809 813 815 910 4587 
6845 8380 8476 
6088 6757 6854 6949 
1287 1482 1580 2633 7440 
5600 5792 
3788 
1123 1608 1703 1704 1705 1750 1800 2387 2957 8820 9013 
471 
1687 
1000 5030 6166 6947 7044 7139 
660 1227 1979 2004 2377 2382 2476 2477 2478 2479 2606 2968 4016 7892 9093 
515 800 1371 1464 1466 1471 1559 1560 1562 1654 1655 3295 
1678 1772 1773 1775 1961 
468 470 6922 
5827 6024 6119 6120 6121 6207 6214 6216 6886 7943 
1576 1577 3251 3543 3722 
116 5109 5296 5298 5395 5502 5853 5864 6555 7793 9090 
2883 4595 5840 6031 6032 6033 
740 1033 2212 7087 8655 
110 206 207 3086 9134 
8375 
1228 8224 8411 8506 8507 8508 8604 
109 
7215 
225 8289 8577 8771 
284 380 473 573 761 765 857 859 860 861 863 864 957 959 963 1065 1148 1149 1157 1329 1340 1375 2187 2955 3123 3165 4342 7189 7381 7482 8815 9118 9199 9214 
250 738 1994 2081 2274 2275 2371 2465 2470 
106 1319 8450 8545 8547 8642 
321 322 323 418 8038 
1461 
7274 
5765 6328 7289 
398 400 495 783 2196 8291 8938 
661 8915 
80 9104 9196 9201 
1085 
98 287 382 477 479 8689 
2874 2970 
5457 5548 
97 289 290 385 671 8158 8527 
4712 4713 
2270 
154 1691 1929 3062 3340 3603 3736 3839 3937 4013 4107 4108 4109 4204 4205 4207 4208 4300 4389 5907 6225 6237 
89 676 9209 
2669 2861 2958 
1192 
162 
146 149 341 439 1299 9173 
83 291 292 305 2703 7398 7518 8177 8640 8643 8645 8720 8734 8736 8737 8739 8741 8834 
8409 
7282 7284 
2252 2571 2832 2839 2923 2925 2926 3020 3021 3022 3117 3213 3216 3307 4185 4363 4632 6397 8049 8420 9070 
7347 
3005 3552 3648 3649 3654 3743 3744 3750 4398 4403 
6499 7075 7174 7655 8512 
893 1084 1356 
8153 
84 268 363 364 365 459 460 538 555 570 651 1593 8528 9087 9100 9200 
4015 4111 4112 4294 7160 
30 125 126 127 222 1578 8854 
166 2574 8176 8351 8926 9023 
1082 
734 
151 611 1413 6307 7744 8034 8304 8323 8418 8419 8516 
5751 6035 6130 6131 6132 9102 
182 9002 9003 9097 9098 9099 9109 9194 9197 
625 3814 4282 5349 5350 7504 
1949 
82 381 574 7968 8360 8914 8919 8924 8990 8995 9010 9011 9105 9106 9110 
51 440 532 533 534 834 2638 
5496 5592 
5157 5252 5254 
435 1388 1478 1483 1484 1485 2104 7020 
208 1067 6075 
5062 
2348 3559 3810 5147 5246 5250 5346 5347 5348 5443 5444 5540 6600 7170 
905 
2588 2683 2684 2685 
201 3173 
7544 
306 402 497 498 499 594 685 706 966 5095 8334 8365 
345 5441 5536 
53 
4375 
90 91 95 195 667 1370 8828 9111 9115 9190 9210 
34 40 132 226 228 316 767 903 1284 6656 7537 8484 9157 
143 9168 
6007 
1068 1453 
902 1179 8998 
444 447 544 918 932 1022 1402 7858 9015 
8333 
4859 
1850 
1062 1063 
81 362 654 750 
5248 5440 
519 2148 2904 3294 3388 3389 3391 3486 3488 3573 3660 3965 4630 4850 5295 
1280 2158 2354 2447 2449 2544 2545 2546 2641 2650 2834 9089 
2709 3661 3760 3854 3949 3951 4046 6387 
657 1256 2407 2502 2506 2598 2607 2688 2695 3888 4521 5199 
205 300 301 302 590 818 8562 8940 
677 
429 
10 11 12 387 9125 9131 
8895 
6967 6968 7445 
1969 1972 1978 2067 2069 2163 2164 2266 2836 3656 3698 5099 5437 
520 616 
93 94 7602 8927 9124 9211 9213 
265 361 
1164 1486 1957 1960 2056 
111 3077 
6030 
747 1802 1990 7365 
755 
3084 3186 3485 3581 3582 3677 3936 4835 6749 
687 
104 108 391 583 674 678 680 681 774 775 776 1056 1156 1254 1258 3747 
796 1803 5253 6040 7185 7639 7748 7953 8041 8141 8213 8221 8231 8232 8327 8517 8810 8996 
1259 1731 
1418 
6385 
3746 3844 4217 4228 4509 
486 487 488 8270 
77 79 174 648 7763 9198 
1692 1693 1778 1883 2341 3232 5767 
5958 6245 6254 6268 6340 6341 6342 6434 6437 6438 6452 6629 8406 9208 
4884 4979 4980 4981 5076 5267 5360 
107 203 215 293 395 771 9133 
0 480 1737 2312 5573 6272 8068 8457 8458 8459 8467 8472 8658 9035 
2530 2531 2711 2721 2816 
3040 3135 
41 8969 9065 9160 9161 9162 9166 
6061 6062 6063 8473 
173 176 558 751 
689 2381 8630 8941 8942 8943 9037 9038 9046 9130 9132 
8935 
3256 
312 1181 1275 1276 1277 1278 1279 1281 1365 1372 1373 1468 1653 3090 5401 
6878 6973 6974 6975 7070 
5725 5726 5727 5821 5822 7484 
4202 4299 
954 
4475 4571 4667 5421 
3249 3632 
704 
4263 4628 5318 5510 5512 5602 5607 5608 5652 5703 5893 
227 3468 3561 3848 4085 4137 4908 5954 6059 8188 
33 
2445 
2821 3955 3956 3957 3959 4052 
39 192 213 307 309 405 500 503 693 695 1575 4138 7241 9155 
545 1610 1697 
2199 
47 
8263 
6019 6619 6640 6995 7091 7186 7187 7188 7283 7480 8518 
1129 8955 9051 9052 
8911 
6494 6881 6976 6977 6979 7073 7529 
921 
37 819 823 824 919 985 1014 1208 3159 6145 6969 
6181 6370 6466 6467 6562 6849 
835 847 942 943 3524 
852 944 1030 1046 1322 1328 1332 1423 1424 1425 1428 1520 2000 2290 7247 9024 
7985 
5112 
1410 
101 851 1362 3737 3843 5508 8155 8165 8725 8821 8822 8917 9006 9028 9107 
3685 3875 4259 4260 4355 6653 
1509 4871 6983 7945 8042 8328 8329 8330 8424 8425 8426 8521 8617 8715 8717 9005 
6274 
1296 2757 2945 
2441 
969 7967 7969 8063 8366 8452 8732 
133 274 409 588 596 683 780 781 1433 2846 4104 4910 6998 8662 9108 
8692 8787 8789 8916 
3348 4309 4406 
75 360 645 646 735 741 742 743 838 839 1044 1414 8901 
1213 2141 3212 4554 4742 4837 4932 5027 5028 5029 5124 5220 6267 9165 
7820 
1829 1925 1926 2021 
531 
2015 2309 2880 
1472 3028 3589 4261 4349 4446 4447 4541 4542 4543 4544 4551 4577 4639 4640 5186 5500 5885 
2289 7038 7133 7134 7135 7230 
8543 
18 8557 8948 9043 9044 9045 9140 9141 
3036 3225 3419 
2355 
3 8852 8947 8949 9042 
6159 
9 
28 600 8956 
4512 
3337 3742 4014 4967 
699 1214 1311 1507 3320 
7018 
313 8088 
5915 6010 6107 
2727 3314 3410 3411 3506 3793 3812 
1286 3245 
2079 4298 4489 4588 4589 4684 4685 
211 212 
4864 5728 6391 6484 6485 6487 7069 
434 2082 3713 
303 1306 1397 1493 1494 1588 1589 1768 
7955 8052 
358 829 933 934 1059 1126 1127 1128 1312 1335 1357 2376 3877 4100 5159 
6069 
1973 2337 2915 3387 3584 3585 3680 3681 3682 3773 3776 3777 4160 4184 4354 
103 4832 
22 29 202 220 221 224 317 407 410 412 511 673 1671 4372 8721 8835 
73 2276 3045 3231 3255 3326 3906 
1496 
787 3850 4048 4143 4150 4240 
74 158 169 170 
4959 4960 5056 5152 5153 
1001 3857 4522 4617 4618 4619 4714 5096 
5603 5698 5699 5700 
806 
846 
2510 2609 2898 5812 
13 2150 2608 5714 6233 8286 8381 8383 8386 8770 8861 9172 
339 404 524 711 716 717 812 906 1007 1195 1384 1386 1662 1694 2961 3104 4763 7954 8148 
6096 7924 
3342 3534 
376 
6981 7076 
3895 
1190 1285 
589 684 1452 1547 1548 1549 1644 1738 2300 4583 
609 2431 7607 7881 7895 7990 7991 7992 7999 8087 8184 9174 
4748 6190 7153 7249 7250 
556 557 652 653 748 3436 6596 7559 8603 
1565 8544 
52 
5425 5426 
105 
7540 
67 
1566 1663 
582 4224 4795 4890 4891 4892 4938 4987 5950 6238 
8950 9049 
1411 7447 7734 7829 7830 7831 7926 8753 8958 
8346 8445 8975 
3038 3355 3560 3666 5278 
949 
3177 
172 1416 7620 8132 8910 9007 9008 9103 
6865 
124 981 6570 
4594 4596 
844 
15 113 114 115 210 231 810 7809 8462 9138 9142 
6322 6894 6989 6990 6991 7086 
5803 5804 5900 7629 
2582 2583 2678 3539 
4 6 7 100 275 578 6915 8637 8754 8934 9029 9123 9126 
615 710 
8902 8997 
165 7472 
6076 
656 935 2475 
196 554 649 650 746 749 938 1516 
7426 8412 8509 
1154 1253 
462 463 560 
1186 1556 2706 3671 3958 4983 5884 6172 6269 6349 6558 6576 6647 6846 7136 7325 7413 7419 7420 7421 7422 7423 7517 7705 7720 7900 
6598 6678 6785 6796 
6025 
6002 6097 6098 6099 6194 6582 6679 6890 7154 8295 
388 482 483 485 7801 8628 
5575 5576 5577 5766 
326 
6388 6389 6751 
42 1042 1499 1500 1502 1597 1598 1599 1789 4272 6179 
6203 
99 9026 
4725 4822 
2562 4382 7822 
147 2335 2645 2916 2932 2933 3029 3893 5123 5730 6711 6966 
4503 
181 276 
288 
330 331 425 426 427 428 
399 422 998 8870 8871 8877 8965 8966 8967 9062 9064 
7128 
269 461 
7704 7706 
2635 
6318 8781 
5735 
417 1609 2253 2461 2646 2649 2739 2744 2745 2746 2841 2963 
5521 5618 5810 6386 
502 598 
1675 2881 3169 3178 3274 3275 3277 3278 3371 3756 4339 
5966 6350 6352 6445 6446 
3891 4842 4937 
188 6899 7488 8050 8352 8353 8447 8454 
3973 4068 
168 263 9082 9094 
6183 6280 6282 6286 6377 6379 6474 8963 
566 1034 1045 1138 1235 1238 1327 1330 
3119 3120 3131 3154 3203 3215 3217 3312 3987 
118 121 216 311 408 703 1080 7599 8752 
1122 
246 6723 7103 
722 1674 8163 
2078 
200 9027 
5120 5990 5991 
1469 1470 
3067 
6403 7439 7535 7538 7627 7630 7631 7632 7727 
526 1656 2629 2630 2631 2726 4123 
19 
4116 4211 
1269 1270 
3829 4592 4984 4988 5655 
562 
416 2600 3408 3418 3970 4545 4627 4641 4736 4737 4821 5024 7905 
25 26 27 122 314 9145 9146 
56 1180 1713 1765 1902 2065 5800 6009 6013 6219 6503 6601 6770 7253 7255 7257 7261 7354 7446 7515 7542 7927 8361 8705 9187 
1252 
257 432 528 720 
48 144 145 239 240 241 336 698 6518 8685 
999 1095 1666 8489 
223 328 798 7594 
770 6112 6113 
3008 
50 1981 8993 9088 9185 
723 913 915 
4711 
1863 2279 2451 2453 2548 2549 4288 6344 
3564 
766 
2052 
7570 
54 1297 8500 8986 
179 2781 5952 6064 6143 6248 6339 6433 6523 6527 6528 6718 6720 
7448 
295 7058 
8008 8096 
3574 4155 
599 694 696 791 2012 7989 
24 31 32 6195 9055 9150 9151 9152 
57 
171 871 872 873 967 4811 
5193 5673 5768 6152 
390 
4413 4508 4603 4604 4605 4697 4700 
1451 4206 5230 5327 5423 5513 5610 5697 5707 5801 5895 5999 7333 7817 8054 
665 760 762 885 1247 2008 2383 
1641 
987 988 
3175 4371 4705 4800 4801 4802 4897 5402 
7216 7217 
669 1061 3553 3563 3840 3940 4030 4031 4125 4316 5562 5850 
281 4788 7473 8443 8542 8729 8730 8824 8825 8826 8827 8836 8912 8921 
5201 5922 
980 2258 
1300 5975 6162 6457 6550 6551 8123 
61 8991 9085 9179 9180 9181 9182 
318 
2115 
3678 3774 3775 3870 5025 7040 
20 21 117 308 
325 421 522 
177 7765 
457 1251 1809 1844 2232 2504 2517 2518 2597 2613 2614 2907 5891 8548 
65 1226 1320 1321 2393 
6536 6728 
5755 
1832 
2713 2806 2808 2809 2810 2817 2905 
191 9215 
1049 6722 7358 7578 7579 7580 7770 7789 
3088 7212 7306 7307 7308 7309 7403 8084 
8456 8939 9034 9036 
1218 
1113 1210 
1688 
1011 1301 1682 1683 1779 1858 3509 3702 
1739 
153 
3354 3458 
193 3641 4691 4793 4888 4889 4985 5656 6786 
245 2062 8795 8890 8892 9083 9175 
16 17 35 214 1178 1830 4722 7030 7596 7703 7721 9128 
1701 2061 2466 2752 2837 2847 2848 2849 2944 3239 
1199 1290 1294 1295 1391 7098 
2020 
494 8267 
2074 2169 
194 854 955 1125 1441 1532 1536 1629 1631 1727 1728 1836 2039 2116 2213 3359 3842 
2122 2217 2219 2314 2412 
3310 
8076 8078 8174 8175 8558 8639 
197 960 1215 
1058 
5281 5282 5283 5378 5858 
920 
2737 9056 
4786 6730 7890 7962 8253 8254 8349 8541 
3449 
568 8150 8791 8886 8887 8888 8889 8983 
2296 3190 3459 3545 3548 3645 4029 
2838 4498 4576 5719 
4781 
1132 
1032 7171 7267 7362 7363 
199 2869 3058 3059 3060 3066 3155 3252 3345 3432 3535 7828 
7667 7764 
299 478 679 779 874 876 877 878 879 958 971 972 973 974 975 976 977 1066 1069 1071 1165 1260 1355 1436 1538 1651 2327 2693 2794 3254 3602 5447 6208 6788 7656 8437 9122 
5748 6590 7268 7279 7376 
3784 8612 
164 536 7152 8504 8505 8599 8600 8601 8695 8696 8813 9074 9176 
68 175 266 267 
3368 
46 128 327 894 7143 9058 9153 
1582 
2349 2503 2876 2971 2972 2973 3068 3658 3853 
7117 7701 7798 7803 
1079 
6436 6531 
6412 
1875 1970 1971 3595 
733 3093 3163 3265 4034 4127 4223 4225 4226 4320 4321 4322 4324 4415 4417 4511 4513 4608 4997 4998 5358 6587 7549 
3189 3455 3550 3551 3646 
940 
304 5914 7046 8207 8303 8307 8400 8497 8499 8592 8594 8602 8687 
209 504 
2769 
4411 5687 5784 5879 5880 5881 5976 6581 
64 70 71 72 167 2793 9092 9191 
4598 
217 8856 8951 8952 8953 8954 9048 
3412 
58 
219 
2573 4084 4176 4179 4274 4377 4563 
622 
243 7811 8872 8968 9178 
5746 5842 
4020 5065 
452 455 456 550 551 553 745 917 1054 1708 9096 
424 623 8982 
1798 2565 2567 2662 
4533 5330 5332 5427 5428 5429 6199 
713 
256 1201 1261 1492 1569 1867 1869 1870 1872 2255 2455 7254 
2302 2686 3042 3214 3833 
2379 4131 4416 4514 5507 6222 6712 6825 
2013 3094 3366 3462 8756 
512 8089 
6260 
248 353 
472 567 569 664 
721 1106 
2975 3276 6424 6632 7019 7114 7115 7116 7211 7449 
249 
6736 7903 
2265 
708 805 4257 
2434 2843 3122 3223 5734 
3610 3802 4082 
258 3989 
2036 8837 8932 
4210 4306 
393 
3819 
403 882 1070 1166 1635 
270 945 1137 1233 2773 8143 
5045 6464 6752 7813 
1743 2128 9139 
6857 
280 1645 1855 2804 3004 3101 3196 3198 3293 3390 4168 7884 
6229 6336 6812 7009 7104 7105 7106 7201 7202 7210 7296 8156 
36 8964 9057 9060 9061 9156 
869 4631 5280 5377 
592 
1271 1352 1354 1455 1545 1642 
9084 
411 431 697 1421 2130 
475 
1 96 5555 8723 9119 
1096 1097 1098 1193 1288 
610 3606 6772 8290 8388 8488 8583 8584 8585 8680 8776 
1774 1862 1871 1966 1967 1968 2063 2250 3018 3407 5333 
1093 
129 134 9159 
4454 4490 
319 
868 8838 
8798 
5022 
3071 
8455 
1158 8138 8336 8431 8433 
2535 2536 2543 2632 
7444 
5791 
1396 1719 1720 1813 1815 1816 1817 1818 1912 1942 2103 2485 2779 2862 3845 9031 
7839 
242 337 340 342 
332 8699 
333 602 739 946 1995 2086 2089 2181 2182 2183 2278 2375 3332 4750 6774 
1055 
87 367 1119 8466 9014 9207 
642 643 644 8799 
347 8039 
5269 5848 5943 5944 5945 8057 
55 346 730 3516 9079 
1658 
3487 3684 3779 3780 3781 3783 3876 3879 3962 4147 
324 419 
350 8972 9164 
914 
833 926 928 929 930 1025 1029 1173 1406 3984 
686 7256 7716 7928 8023 8239 
3994 4958 7252 8308 8766 
3137 3142 3525 3529 3530 3624 3625 3626 3825 3832 4008 
8120 8209 8215 8216 8217 8312 8322 
4874 4876 4971 
3370 3375 3376 3565 4931 
7854 
352 6465 6744 6754 6756 6851 6852 6853 6948 8280 
343 638 640 641 736 832 1804 
355 3676 4057 4122 4154 4245 4246 4247 4248 4438 4629 5480 
2295 
7431 
634 636 
2432 8391 
186 283 3075 7388 
548 
950 1718 
366 1146 1450 2362 2483 2487 2665 2782 2871 2914 3541 3630 3918 3919 4209 4305 4307 4308 4402 4404 4494 4499 4502 4506 4873 5368 5747 6624 8464 8519 
1090 1183 1670 1742 2336 2524 2527 2619 2622 2623 2624 2626 2627 2719 2720 2722 2724 2911 4353 5599 6074 7383 
1298 
2 298 1050 2185 2566 2590 2664 3046 3061 3141 3143 3144 3145 3238 3242 3430 3528 5162 5172 8082 
1733 
6011 6012 
43 60 123 136 138 232 234 413 901 1377 2999 3537 6083 6144 8683 8960 8977 
4846 5633 5729 5825 6290 
286 2323 2324 2419 2421 2516 6460 
3072 
2178 4396 5357 5448 5452 5453 5454 5549 5750 
375 
14 7664 7743 
837 1124 1219 1220 1221 1316 
187 4304 4797 5623 6809 6826 7099 7195 7290 7291 7292 7386 7387 7477 7577 7860 7867 7868 8276 8483 8533 
415 8769 8863 8864 8865 8962 
394 
285 
397 1573 2423 2521 2591 2902 2974 3170 3179 3266 3267 3362 3457 3836 4448 5407 
420 5820 8108 9072 9073 9167 9169 
4347 5420 5796 5901 
430 941 1040 1041 1136 1710 2136 7180 
1958 1962 2055 2151 2152 2247 6564 
7661 7946 7952 8045 8047 8048 8144 
2788 
939 2165 
764 
909 7198 8147 8347 8436 8531 8532 8534 8623 8629 8718 8724 8735 8783 9202 
238 335 525 8984 
1910 
3402 3497 
45 1793 8210 
453 513 605 608 802 892 8278 
768 
1130 
6320 6801 6896 6897 6898 7085 
1112 1114 1117 1207 1302 1303 1304 1310 1399 
6844 8002 8099 8195 8288 8321 
5981 
2698 4747 5111 
467 756 947 1043 1139 1237 2100 3583 
78 244 1412 6390 6993 7377 7502 7660 7754 7755 7756 7851 7852 
3095 
3726 3916 4192 
1241 1977 7557 7612 7651 7652 7653 7654 7749 7825 7931 8036 
1864 4175 4562 5043 5424 5519 5520 5522 5524 5615 5616 5617 5712 5713 5906 6001 6086 6392 6571 6957 7082 
2405 
1257 1353 1449 8559 
1264 
658 6648 8133 8135 
1265 
808 5993 6184 6276 6277 6281 6376 6566 
1267 1345 1454 1458 1553 1554 1555 1650 1652 1840 1845 2224 2386 4045 8945 
842 1175 1177 1936 2132 2133 2228 2229 2230 2286 2325 2612 3081 
1404 1601 2460 2555 2556 2652 2747 2763 2826 2850 
2243 2515 2813 3193 3279 3285 3398 4044 4049 4144 4145 4146 4239 4241 4243 4333 4529 4732 4830 6614 8448 
6568 6668 
1292 
1317 
2011 2770 2969 3064 3161 3167 
5523 6771 6867 7251 
1135 
157 159 252 253 254 349 436 445 541 542 1508 8891 
1323 1393 1395 
1324 
2547 2736 2927 2928 2929 2930 3024 4749 
1331 1426 
1342 1430 2509 2603 2697 2795 2798 2890 2891 2892 2900 2986 2987 3082 3083 3085 3273 3467 4887 5115 5478 5865 
3379 5779 5874 5876 5969 5971 5972 6256 
1905 2780 2875 2877 
1086 1182 
310 7409 7777 7874 7964 8257 8258 8348 8350 8449 8740 
1350 1824 2016 2112 
4764 
2085 
1360 
7243 
4400 6610 6611 6612 6613 6707 6710 7478 7760 
1812 2197 
8098 8875 8970 
4344 4439 4920 
1024 1026 1121 7849 
2110 2303 2399 
6048 6141 6239 6240 6819 
396 595 690 691 692 777 788 978 982 1706 2310 
2946 3146 3330 3426 3428 3433 3520 3521 3522 3523 3607 3616 3618 3619 3627 3714 3908 3990 4479 6206 7960 
1361 
1695 1790 1791 1792 1887 
1364 4435 4914 5009 5106 6037 
5987 6082 6084 6242 6837 7432 8225 
5911 
1368 2024 2026 
8024 8025 
1374 
1376 4918 5014 5015 
6999 
1378 1760 1955 2047 2048 2143 2237 
1383 1480 
3299 3317 3992 
1387 
7356 7357 
438 613 801 827 896 897 989 991 992 993 994 1088 1089 1748 8716 
1187 
1245 1341 
1392 
1898 1993 
1394 1497 1594 4765 
8223 
6053 
2563 
1398 
1400 1495 
8747 8844 
2576 
753 850 
1415 1511 1512 1607 
1699 2949 3073 3365 4881 4894 4989 5182 6044 
1543 2106 2198 2201 2202 2203 2298 2389 2491 4177 
1417 1519 
1422 
1442 4731 
2677 2772 2774 
7095 
4792 
1443 1444 1539 1540 1541 1636 
3226 3329 3424 
1448 1724 
3637 
1465 
1467 1646 1964 2064 2147 2340 2625 2723 2811 2818 2819 2947 3100 3200 3907 4450 5537 5680 5787 
1665 1762 
4495 5259 5740 6235 
1476 
6705 6800 
38 230 
2057 2347 
1477 6283 6955 7048 7050 7051 7052 7147 
1481 3322 3425 3514 3613 3697 3803 3899 4182 4189 4285 4380 4381 4385 4476 4477 4478 4481 4569 4573 4574 4575 4581 4839 4862 5053 5202 5335 5342 5393 6122 6125 6461 7191 8413 8698 
3456 3554 3555 3643 
1518 
1698 2965 3047 3052 3053 
1521 1614 2293 
1764 1865 1866 
6750 
5243 5340 
1525 7093 7373 8019 
4844 5813 6904 
3727 3822 3824 
1741 1838 1933 
1581 2436 2437 
8494 8898 
4467 5034 8202 
3572 3575 3670 
3026 
1337 1434 
1531 1627 1628 
1533 2210 2305 2402 2593 2792 
1537 1632 1633 1634 1729 1826 
7837 
754 7642 8313 8314 8422 8502 9078 
1550 3631 
7485 
2894 2895 2991 
1558 2326 2328 2520 3496 8194 9063 
1563 
9018 9113 9114 
1567 1664 
1570 
1571 4199 
2866 
4717 
1572 1574 
2319 3636 
1584 
1592 
1685 
3168 3745 4130 4606 
1603 
6382 6575 6664 6748 6758 6759 6760 6761 6764 6856 6858 6952 6956 7045 7146 8491 8634 
2029 
4466 4663 4664 4665 4761 4762 
1605 1700 1702 
1606 6769 7336 
8300 
7163 7260 7355 
4496 
4340 
1613 1621 1623 1625 2282 8410 
1637 1828 2009 6535 
4565 5144 7057 
937 1997 2092 2093 2094 
1659 4904 4905 5090 5183 5288 5289 5291 5294 5384 5385 5386 5387 5388 5481 7609 
2131 
8858 
5686 5783 5878 
1668 1672 
5093 5190 5863 
2156 2924 3116 3211 3308 3696 3801 4430 
373 
1673 1868 
6004 
1263 2014 2316 2508 8922 
1679 1874 2066 
5992 
1023 8229 8324 
271 273 368 369 370 464 465 561 6980 
1680 
2091 2889 3183 3241 5579 
1174 
1684 5625 5721 5722 5723 5818 5912 8792 
7746 
1786 7162 7457 7458 7553 7554 7649 8032 
7886 8552 8641 8648 8742 
5628 5724 8797 
1689 3051 3147 3148 3243 
1696 
2068 3798 4083 4278 4279 4369 4373 4374 4469 4470 4471 4566 4658 8275 
1709 1900 2087 2964 3244 3441 3532 3533 3628 3629 3723 3724 3794 4097 4491 6221 6513 7808 8668 
1712 1894 1895 1991 
152 247 
1716 
2732 2733 2734 2829 
8271 8367 
5908 
8 6532 6727 6824 7110 7111 7206 8646 
1717 
4893 5665 6616 6638 6994 7089 7090 7776 8582 
2134 2135 
4186 4863 4962 5052 5054 5128 5149 
1721 
5075 7947 8043 8044 8139 8421 
3995 4090 4091 4092 4170 4187 7622 
1587 1751 1847 1848 1941 1943 1944 
1726 2391 2488 
1736 3650 
3097 3192 3194 
392 1035 7971 8265 8266 8364 8370 
1745 
1746 1747 1842 1843 1846 1939 2872 3132 
758 1770 3050 3258 4018 4200 4292 4388 4833 4964 5066 5067 5079 5151 5163 5164 5260 5354 5450 5542 5544 5545 5546 5547 5629 5638 5641 5642 5643 5738 5743 5834 6212 6324 6817 7853 
1749 2569 2666 2667 2668 2759 2761 2764 3341 5716 
6129 
1756 2206 2992 3002 3089 3091 3184 3185 3281 3705 
1757 1758 1759 1854 
76 
1761 1856 1857 1953 
6284 7711 8873 
2138 
1763 4433 4956 5221 6841 6924 7342 7424 7425 7428 7911 
3871 
1767 
3504 
1776 
1780 2643 
7391 7585 
5631 7461 7463 7700 7731 7826 7921 7922 8017 8018 8021 
621 2037 
1788 1879 1974 1975 1976 2070 2071 2647 
790 1595 1596 1690 
1794 2758 4004 4099 4101 4194 4196 6548 
489 584 585 586 
1797 1892 1987 8051 
1811 
2083 2172 2268 2271 
1185 3758 3855 4359 5189 8079 
2707 3003 3098 3099 3195 3301 
1821 1822 1918 
9081 
1825 5668 5960 6150 6151 6247 6918 7499 8664 
7326 
2160 2259 
1189 3130 
2842 2942 2943 5980 
1831 4500 6330 
1851 3669 
5490 5587 
1078 1661 1734 2621 2715 2717 2765 2775 2814 2909 2910 3007 3434 
1232 1522 1617 1618 1619 1810 
1852 1935 2030 2031 2032 2127 2317 
1859 1860 1956 
1861 2830 
1873 
1881 1882 2170 2171 3608 
2844 2939 
3109 3420 3988 4115 
518 866 968 979 1057 1153 1248 1343 1344 1346 1437 1438 1439 1440 1457 1534 1535 1725 1823 1827 1919 2208 2492 2997 5001 8539 8546 8576 9112 
1884 2729 2731 2740 2827 2828 
908 1585 
1954 2051 2146 
1885 2073 
5 8460 8555 8556 8652 
1889 3197 3290 3385 3386 3481 3482 3483 3490 3577 
1907 4585 5078 5356 5550 5553 5554 5646 5739 5741 5837 5838 5933 5934 6136 
184 278 279 4007 7862 8340 
1909 2005 2006 2101 2474 2671 
3272 3653 3748 3749 3751 3766 3846 4424 
867 962 964 
1282 1283 1379 1380 1381 1568 1917 2053 9129 
1914 
1934 
3172 3264 3361 
2329 2422 2424 2425 2426 3096 
1947 2043 2044 2139 
1952 2716 2807 3463 3474 3558 3567 3568 3569 3570 3662 3663 3664 3665 3667 3757 3761 3852 4028 4625 4719 5100 5208 5584 
1959 2154 2346 
1984 7696 8152 8159 8245 8354 8439 8535 8536 8537 8538 8631 8632 8633 8635 8728 8816 9009 
7168 7169 7264 7265 7360 7456 
130 
1989 2184 2380 6522 7443 
2855 2950 3333 3334 4682 
1992 
1101 1102 1196 1197 1198 1202 1289 1293 
2107 4035 4036 
1996 4493 
8027 8694 
1250 2338 4178 
2003 8899 
2010 
8733 
2017 
3579 3694 
2321 2418 2776 3464 
2433 2528 2529 
2018 
2022 2214 2595 
2025 2117 2121 2514 4969 8930 
6735 
4395 4497 4687 4879 4955 5449 
3484 
2028 2123 2124 2125 2220 
3571 4637 4638 4734 5016 
2034 3633 3634 3730 3735 4213 
6045 6160 6430 
2038 2223 2226 2320 2415 2416 2417 2512 2513 
2315 2616 3873 3966 5222 5398 6739 
2049 
3166 3263 3336 3358 3363 
5913 
2050 
2054 2523 
6052 6147 6149 6244 
5097 
3472 4066 4162 4258 4376 7619 
2076 
6823 8281 8282 8283 8379 8474 
6332 7200 
3453 
2262 2357 2358 2359 2360 2450 2454 3044 
7767 7864 
2084 
8122 
4218 4600 8014 
88 92 189 476 772 8444 
2088 2180 2280 4461 5654 
2090 7745 
2409 2501 2505 2601 
2096 2097 
2372 
7932 
6673 
5192 
2099 2194 2195 2291 
2768 
2102 2294 
2762 2835 2857 2858 2859 2954 3160 8134 
523 618 619 620 715 2459 2534 5431 9069 
2109 2111 
1389 
2126 2585 2586 2682 
2129 2605 2799 3286 6071 
2142 
2145 2236 2240 2242 2257 
2157 2251 3311 3318 
1010 8319 8320 8414 8415 8417 8511 8513 8896 
501 3974 4069 4070 4071 4080 4166 4167 4264 4358 4923 4928 
2812 3291 3292 4510 
2166 2261 2263 2353 2452 
6364 6365 
3356 
4760 5217 5225 5312 5313 5400 5408 5409 5410 5412 5505 5515 5601 5696 6289 6512 7121 8550 8981 
2167 
983 
2168 2267 2363 2364 6762 
4831 
4350 
2410 5798 6186 6362 7131 7323 7324 7327 7802 8085 
2179 4075 4076 4172 
2186 2564 2660 2661 2853 2948 
2188 2190 2283 2284 2285 2292 2575 
8137 8233 9192 
8066 
2191 2484 2579 2580 2581 2676 3156 3350 6408 
5744 
4318 4414 
1938 1940 2035 
2192 2560 
2200 4518 4570 4613 4614 4615 4709 4710 4807 4902 5092 5286 5509 
450 1408 
572 1473 1474 3271 5861 
2205 
2207 8392 
4720 4816 4911 4912 4913 5008 7662 
44 137 139 140 141 142 235 236 334 1385 1785 3115 8874 9067 
2209 3065 3260 3261 3262 3357 3638 4486 
3253 
2216 3079 3889 
2221 2318 
5887 5982 
2246 2342 3493 3498 3590 3795 8331 
2234 5529 
3222 
1921 1951 2113 2144 2397 
1950 
2235 2815 
2241 3364 3706 4580 5894 6374 6375 6468 6470 6471 6472 6567 7025 7144 7914 8676 
4456 4553 
2269 2365 2366 2559 
2334 4418 4527 4909 5105 5647 5770 
527 
2273 
7505 7600 7601 7697 7792 
1667 
2993 2994 
2288 
2304 2983 2984 2985 3174 3180 3270 3369 
4557 4655 4656 4657 4752 5583 
4270 5322 
2330 
2332 2429 2430 2526 
6860 
2350 2457 2642 2748 3118 
2356 4715 4907 
2912 
6406 
2919 3013 3014 3015 3016 3111 
1405 1491 1590 1591 1686 1781 1782 1783 1787 1878 1880 1980 2149 2260 2644 3125 7350 8115 
2361 
2373 
5859 5860 
2756 2956 3240 3427 3429 3454 3518 3526 3620 3622 4102 4963 5624 5855 8325 
2374 3328 6427 
1501 1503 1676 9012 
2388 4986 4995 5365 5455 5460 5461 5462 5463 5557 5648 5650 5653 6458 6709 
354 7259 7352 7353 7729 7737 7738 7832 7834 7916 7929 7930 8033 8107 8405 8496 8515 
2394 4794 
705 952 1161 1236 1240 1334 1336 1431 1510 1622 1626 2193 2486 6110 8341 
2675 
3975 3976 4072 
3039 5237 5331 5532 6100 6170 6193 6378 6482 6489 6490 6584 6585 6586 6681 6783 6874 7064 7074 7833 
2395 
8053 8111 
2233 
2398 2833 4616 9077 
1427 1523 1524 1715 2472 8613 
2446 2467 
2867 3754 3939 3946 3947 4042 6255 
1730 
2408 
484 4023 8192 8371 8573 8575 8670 
752 757 848 849 1234 2287 4110 
2413 2414 
5672 6346 6347 
2420 2918 3110 3204 3205 3206 3207 3209 3302 3587 3762 7986 
183 7226 7414 7415 7812 8387 
1052 1150 1916 1922 2007 2204 2404 
2427 4609 4610 5568 6073 7337 
7823 
2173 
2428 
1246 1579 
2435 
2444 
5658 6316 6411 6439 6505 6507 6514 7957 8228 
2448 2640 
2462 8765 
2463 
6261 6262 6553 7126 
2489 
2495 5560 6246 
6371 6372 
575 
2522 2618 
2532 
1908 3621 3715 3716 3717 3718 3721 3813 3923 4367 4961 
2540 
2541 3112 3210 3306 
1948 
2542 
2554 
2557 7344 8501 8595 8690 8788 8883 8884 8885 8980 
2587 2694 2789 2790 2791 2886 7907 
3208 3305 
7078 7079 7175 
2596 2887 2981 2982 3078 
4432 
2604 2701 
7222 
2611 2708 
2615 
2617 4153 5119 5215 5310 5311 5396 5479 5691 5793 6907 8693 
2620 
2628 2725 
2636 2728 2823 2824 2825 2920 2922 8407 
2651 5657 8355 
637 5081 5187 5372 5373 5374 5376 5468 5469 5470 5565 5566 6928 7588 
2654 8616 
6114 6496 6591 6859 
3917 
2161 
2663 
2672 8093 
597 
1459 1460 1462 
1899 
2760 
3102 3768 3863 3864 3865 3960 4729 6351 
4348 4444 
2456 2550 2551 2648 2741 2743 3027 6978 
2674 2778 
7239 
2679 2680 
6127 6920 
2687 
2700 2796 2797 2990 
2702 2980 
2854 
2718 
1170 
2730 
3997 
2738 2749 2937 2938 3034 3129 3323 4572 4757 
6618 8130 8131 8240 
2777 3515 4843 4847 4941 5036 5037 5040 5064 5133 5588 5836 6295 
2787 
2805 3287 3382 3383 3384 3479 
8145 8146 8243 8335 8338 
6625 
2822 3017 
8086 8475 
563 1039 1134 1230 1231 1325 1326 1616 
816 
2831 2913 
2840 2852 3237 
543 8374 
2860 
7835 8026 8113 8315 
441 1120 
2864 
2783 2784 2785 2873 2878 2879 3542 
260 1604 1795 1799 1896 5110 
2885 3640 4704 
5004 6443 6538 6539 6540 6635 6732 6734 6829 7314 
3489 6115 
2893 2988 3080 
294 296 297 389 
2896 3477 3961 4094 4743 4823 4915 5010 5011 5012 5107 5299 5684 5795 6946 
2899 2901 2996 3284 3478 4532 8100 
3941 
2903 
493 7177 7369 7370 7465 7466 7467 7750 7850 8416 
2908 3023 
3181 4329 4423 4427 4808 4812 5759 6715 
2917 3035 3817 4105 4841 
6839 7113 7305 7479 8644 
1612 1796 1893 
865 961 1064 
2931 4366 5614 5711 5899 
2940 3037 
2959 
8760 8761 8855 8857 
2967 3353 
8298 8394 
2998 4458 4460 4555 4556 
1027 1194 1291 3945 
3000 
5140 5325 
3001 5839 
2390 
3009 3734 3830 3925 3926 4022 4106 4796 
3011 3106 3107 3108 3683 
6737 6934 
2659 2754 2755 3092 
3012 
3054 
3063 3158 4465 
344 
3069 
3076 4250 4337 4701 5088 5961 6265 
3087 
1513 1615 5823 6291 6511 6747 6889 6891 7010 7043 7161 7176 7269 7272 7276 7366 7367 7368 7464 7657 7939 8040 8719 
3153 
1711 1806 1807 1808 1904 
3103 3199 
3121 4174 4271 4459 4462 4463 4464 4559 4560 7539 
3126 
3133 3228 3229 3230 
2281 2378 2473 2568 2572 
1131 1305 1419 1420 1514 1515 1517 1600 1611 1927 2075 
3134 
7885 7981 
3136 3138 3335 
3139 3140 3235 3236 
549 559 617 6799 
3171 3268 
7033 7081 7209 7263 8651 
3176 3948 
3869 4078 
3188 3380 
3202 3300 
8579 8675 8859 
3218 4434 
5266 5361 5362 5458 7604 
3448 
66 
3227 3890 
3234 7181 7182 7277 
7562 8003 8252 8382 8477 8478 8479 8574 
3246 
8565 8772 8868 
5184 5279 5375 
4852 4853 4854 4949 5526 5692 
3257 
1083 
3259 3466 4429 4524 4525 4526 
6218 6602 6697 6698 
3269 
3282 8191 
7597 
1557 2162 2244 2352 2469 2751 2934 3025 3041 3321 3406 7528 
3283 3580 4041 4139 4140 4141 4235 4236 4817 
3304 3778 
530 
437 
3309 
3313 
3319 
1561 2231 3191 3480 
3325 4662 4728 4746 4775 4947 4948 5042 5044 5055 5139 5142 5211 5917 5963 6279 
4262 
2277 2392 2670 
3331 5173 5203 5204 5875 
3338 3339 
3763 4142 
3343 
3347 3442 3444 3823 
3351 4597 4692 4693 4694 4789 4982 5086 
